1092
1350
1123
964
974
1066
867
701
700
644
528
562
506
521
455
364
459
520
464
607
457
392
489
676
592
731
604
498
815
783
933
998
1115
1317
1097
1014
1050
927
1134
1057
825
1163
981
1017
1151
981
1075
1164
953
1088
1253
1266
1364
1101
1067
1151
838
1034
880
859
1057
917
1174
1224
1103
1122
1104
1034
1031
1093
1026
765
857
1047
928
808
837
963
729
661
530
429
542
501
389
505
383
445
441
442
484
403
381
464
331
426
486
471
534
553
674
675
709
717
730
723
836
1113
922
1044
972
983
972
1022
1039
1092
900
1018
821
896
983
1086
1313
1230
1032
1118
1061
1111
1068
838
935
1033
922
936
1065
1026
1254
1121
1102
1233
1545
1358
1131
932
1138
966
865
867
818
752
781
646
683
625
738
721
547
384
554
488
624
649
542
527
753
896
1024
1050
1053
1267
1461
1326
1785
1632
1662
1365
1636
1672
1562
1509
1709
1832
2112
1902
2093
2080
2115
1426
1991
1678
1786
2015
1937
1830
1685
1686
1318
1345
976
1204
1198
1089
1238
1399
1257
1176
1357
1210
1332
1196
1054
1082
1073
1160
1478
1058
974
1160
1076
949
871
962
1028
676
771
663
643
586
579
586
565
536
570
592
567
571
557
754
716
850
1070
906
1080
924
1135
1089
1010
1249
1354
1202
1183
1152
1103
1040
1315
1203
1095
1100
1004
1002
1352
1326
1387
1611
1144
1199
1185
1336
1095
1064
1084
913
924
869
1056
857
996
838
976
840
991
944
878
1021
1038
1062
1231
1165
841
824
802
563
719
723
649
721
604
705
673
612
452
459
433
514
643
557
537
677
689
786
1059
1208
1146
1431
1243
1381
1680
1679
1547
1745
1658
2071
1941
2273
1902
2349
1972
1454
1385
2318
2640
2885
2471
2645
2116
2096
2470
2264
2273
1724
1494
1520
1389
1402
1490
1425
1226
1062
1043
1086
1006
1227
890
1087
1087
1133
976
1044
1000
918
812
960
755
603
721
584
701
572
512
542
490
563
482
436
522
645
490
489
577
658
635
953
993
1274
1302
1502
1515
1803
1690
1514
1896
1993
2119
2211
2184
1993
2096
2338
2149
2294
2353
2375
2391
2150
2454
2152
2313
2539
2083
2236
1961
1729
1875
1845
1547
1535
1607
1349
1380
1507
1353
1510
1130
884
1116
1537
1378
1184
1309
1216
1524
1060
950
861
642
914
1020
704
732
763
661
523
567
426
521
425
303
400
327
296
414
397
355
535
947
1446
1385
1920
1765
1856
1836
1978
2118
1901
1940
2073
2385
2017
2337
2354
2056
2131
1817
1684
1830
1526
1728
1967
1928
2083
1761
1651
1732
1595
1793
1270
1331
917
805
849
767
987
852
934
730
775
913
871
905
776
625
791
971
761
760
877
873
389
541
625
420
321
258
310
267
332
240
144
307
235
306
247
318
252
268
336
267
243
260
471
404
413
484
558
725
560
520
491
516
648
622
464
578
731
549
683
836
861
699
663
628
763
856
773
668
810
845
541
660
594
657
538
579
563
571
582
555
630
656
548
684
627
784
681
583
586
554
475
362
516
689
359
424
401
410
305
335
305
305
194
142
141
132
175
120
173
172
177
131
209
239
298
321
444
306
456
403
436
703
581
639
517
668
682
596
492
516
621
828
592
550
515
741
686
778
753
667
574
573
560
615
541
638
496
613
783
749
750
716
682
781
783
497
588
568
521
651
655
597
550
544
451
555
460
459
320
329
265
294
262
200
347
327
224
215
453
418
385
529
486
513
848
1052
1124
999
1418
1393
1250
1323
1731
1644
1657
1610
1643
1693
1676
1388
1416
1631
1741
1800
1576
1708
1935
1676
1848
1616
1755
1809
1217
1445
1097
1206
1069
950
1016
1228
893
1027
879
775
988
966
1140
840
849
960
810
655
595
621
722
469
630
476
421
459
385
459
449
372
362
376
342
440
389
285
406
467
499
582
1046
1084
1200
1289
1195
1261
1219
1218
1407
1555
1487
1639
1449
1699
1741
1801
2080
1819
1634
1863
1860
2236
1981
1818
1754
2055
1898
1774
1724
1743
1479
1110
1547
1109
1375
1172
1237
1147
943
1249
917
765
983
1168
1088
944
809
931
992
885
822
781
748
788
548
571
777
610
635
508
461
426
550
494
453
561
470
447
583
551
669
731
788
1086
1100
1344
1494
1461
1626
1857
1771
1584
2030
1921
1906
2085
2366
1830
1818
2186
2351
1723
2203
2091
2161
1915
2328
1361
1710
1767
1364
1485
1644
1488
1367
1557
1532
1185
1261
1122
1403
1436
1347
1252
1141
1273
1308
1532
1194
1259
1230
1158
1182
1165
1159
952
1203
1075
1151
888
757
755
949
902
661
767
738
881
893
901
931
1398
1502
1962
2471
1890
3469
4587
4569
4672
4540
5243
3939
2824
3282
3336
3221
2947
3364
2573
2341
2235
2523
2789
2409
2524
2269
2473
2424
2566
2655
2376
1997
1160
1550
1621
1637
1358
1325
1128
950
797
1089
1324
1004
1399
1092
1105
1024
1298
1094
1136
1174
963
906
727
709
683
677
733
564
736
600
666
424
523
491
556
603
630
561
490
705
805
1241
1013
1082
1340
1784
1796
1395
1695
1907
1741
1662
1413
1756
1529
1476
1709
1774
1935
1908
1782
1776
1458
1787
1576
1807
2018
1972
1875
1258
1421
1407
1276
1047
883
1198
1040
1188
1030
1001
843
990
743
985
1020
910
1117
948
836
861
733
731
678
460
665
628
730
512
533
381
592
343
403
302
312
426
319
286
361
210
239
354
361
227
451
412
391
405
465
570
648
777
619
604
742
688
688
808
754
777
918
663
588
957
995
742
809
993
690
910
1024
792
796
1011
579
605
847
941
881
561
769
646
667
880
615
558
657
925
722
728
839
722
697
692
667
682
719
724
614
364
492
335
317
221
278
222
319
250
164
198
228
291
240
262
223
287
313
371
343
328
473
534
515
528
540
553
652
625
711
875
710
811
920
768
1088
1047
900
926
848
870
964
747
912
772
1174
864
855
742
1005
884
1165
1074
833
874
979
825
894
1070
963
1035
930
889
896
792
774
691
690
662
551
518
477
329
366
354
352
305
457
497
400
295
281
385
274
303
348
388
474
735
807
900
842
1086
1450
1294
1391
1455
1612
1597
1609
1599
1494
1825
1429
1643
1583
1728
1786
2199
2236
1919
1833
1682
1802
1994
1776
1485
1463
1203
1261
1158
1098
937
1016
883
704
851
862
981
950
1278
881
1036
958
958
754
789
863
859
693
603
674
501
618
566
579
441
369
113
130
102
163
116
91
252
124
161
322
207
393
423
636
1114
1052
1200
1164
1036
991
1225
1015
1266
1343
1423
1769
1464
1645
1741
1715
1544
1537
1577
1746
1834
1857
1992
1756
1706
1073
988
906
546
857
1057
980
1257
1039
826
803
747
673
920
797
649
633
656
908
949
650
629
616
553
536
542
572
550
561
343
470
455
444
512
514
448
347
355
421
396
465
562
536
589
1033
1170
1040
934
1114
1311
1277
1379
1543
1479
1497
1734
1634
1834
1732
1619
1581
1694
1320
1746
1697
1532
1769
1562
1927
1879
1876
858
1176
1564
1452
1204
901
1016
826
991
954
1187
827
906
662
822
995
822
760
454
694
704
838
646
593
625
574
510
609
680
476
470
286
405
449
321
253
306
330
334
325
229
314
461
649
596
970
1052
884
1178
1103
1041
1458
1455
1256
1420
1248
1393
1847
1631
1630
1952
1366
1512
1371
1482
1515
1591
1666
1580
1609
1746
1431
1453
1487
1137
1164
807
652
637
553
672
559
680
805
601
637
821
702
822
617
837
676
663
799
601
497
480
404
442
389
538
444
432
367
298
301
249
333
440
473
248
359
254
363
538
548
932
1143
1333
956
1385
1238
1606
1312
1562
1299
1194
1415
1213
1648
1492
1259
1529
1985
2144
1681
1486
1630
1415
1298
1428
1459
1223
1424
1527
977
1150
1083
866
542
345
681
829
268
580
928
862
790
694
694
578
555
888
621
