2761
2233
2272
1571
1319
1141
1040
1059
1186
968
1359
1499
1480
1994
2651
2445
2240
2371
2323
2371
2372
2271
2792
2810
2413
2173
2036
2355
2570
2533
2329
2070
2137
1933
1913
1377
1088
1002
990
997
965
939
945
1131
1415
1526
1649
2140
2238
2183
2336
2189
2048
2210
2825
2414
2435
2074
2216
2244
2578
2498
3248
2378
2292
1967
1790
1467
1538
1307
1112
1373
1213
1999
2305
3056
3624
3511
3608
3406
3975
4624
4664
3997
4145
4200
3880
3055
2456
2563
3002
2873
2839
2511
2449
2844
2421
2182
2189
1675
1438
1310
1219
1353
1291
1549
1974
2257
2332
2433
2853
2680
2384
2790
2428
2612
3145
3058
2685
2459
2212
2085
2229
1987
2048
2093
2281
2748
1847
1511
1593
1495
1512
1165
1040
1331
1342
1790
2686
2958
3400
3650
4101
4824
4622
3863
4821
6070
5108
5391
4590
3513
3109
3262
2378
2380
2402
2438
2365
2157
1998
1473
1435
1314
1122
1158
1251
1128
1388
1919
2776
3326
3827
4107
4666
4803
4899
5108
5380
5213
5155
5037
4411
4130
3532
3150
3343
2893
2467
2970
2833
2938
1982
1956
1731
1578
1182
1120
741
745
904
1222
3066
3972
4108
4659
4433
4904
5265
4544
3965
3689
4356
4192
3687
3545
2425
1792
2050
1905
1936
1895
1645
1912
1850
1292
1216
706
685
546
535
622
623
693
538
965
989
1483
1199
1244
1216
1389
1671
1747
1500
1845
1597
1605
1398
1317
1277
1307
1428
1388
1606
1357
1157
1142
972
919
719
648
337
330
329
389
458
664
894
899
1386
1306
1494
1245
1464
1342
1420
1666
1493
1268
1319
1247
1702
1633
1675
1353
1256
1442
1249
1175
1078
763
588
640
631
728
885
1205
1871
2393
3112
3092
3771
3694
3658
3325
3945
3701
3953
3957
3683
2805
2510
2389
2250
1894
2244
2105
2025
1429
1429
1310
892
1011
903
858
863
797
1159
2004
2661
2799
2718
3455
3496
3745
4300
3962
4482
4348
4321
3988
3811
2964
2860
2564
2555
1935
2446
2068
2190
1918
1677
1417
1584
1288
1025
1142
1175
1103
1397
1868
2646
3313
3946
3908
4362
4930
4171
4909
4620
4578
4190
3593
3511
3220
3377
2607
3125
2986
2718
3103
2775
2681
2607
2420
2397
1681
2053
1540
2007
2023
3356
5053
7669
10442
10886
7194
7497
7119
5401
5538
5873
5324
5715
5359
3326
3586
2967
2147
2534
2726
2505
2617
2511
2159
1656
1526
1478
1435
1032
1279
1375
1297
2265
2526
3845
3515
4032
3654
3467
3814
4323
3877
3651
4196
4209
3058
2683
2387
2525
2168
1967
2180
2247
2016
1700
1311
1485
1363
1082
857
692
785
690
642
692
942
895
1401
1543
1518
1705
1691
1742
1962
1789
1862
2202
1895
1478
1930
1608
1566
1703
1357
1821
1747
1577
1529
1621
1066
839
538
612
422
559
581
594
808
774
1211
1212
1402
1675
1716
1932
2361
1956
2082
1866
2161
1855
2073
2379
2099
1939
2260
2226
1936
1664
1533
1212
813
843
841
989
720
637
825
1423
1881
2566
3109
3403
3655
3666
3539
3674
4717
4398
3979
4155
3167
2722
2331
2051
1767
2195
2393
2292
1781
1930
1510
1362
1304
1023
302
282
334
351
571
943
2281
2547
2238
2581
3040
3471
3799
3658
3763
4001
4136
2936
1976
1877
2581
2027
1666
1908
1486
1797
1663
1343
1236
1272
963
1028
1158
864
901
1129
1225
2424
2227
2995
3155
3272
3979
3872
3681
3541
3689
3883
4195
2491
3131
2337
2029
2301
1943
1861
1830
1319
1775
1319
1225
1393
960
854
742
706
696
770
1372
2183
2491
2590
3133
3050
3628
3917
3404
3215
3552
3654
3570
3173
2440
1528
1421
1450
1586
1565
1643
1697
1578
1161
963
1047
985
701
618
997
620
964
1574
2735
2787
3118
3194
2895
3291
3144
4549
3543
3281
3184
3036
2772
2359
1248
1621
1101
1903
1642
1303
1654
