1411
1555
1349
1188
1323
978
827
850
675
652
652
593
478
619
619
698
543
540
766
757
895
684
870
982
1149
1294
1586
1431
1274
1507
1069
1332
1156
1330
1175
1476
1224
1523
1230
1284
1573
1645
1397
1436
1346
1061
1326
1029
1267
1254
1533
1421
1317
1459
1300
1308
1225
909
1311
1178
1014
1081
1056
847
660
561
664
506
623
460
579
554
573
488
622
380
527
644
616
683
862
787
943
913
906
1124
1391
1217
1138
1317
1278
1255
1377
1128
1138
1084
1272
1368
1708
1296
1405
1378
1241
1172
1162
1267
1209
1253
1293
1484
1433
1526
1906
1542
1283
1373
1154
1117
1075
922
913
894
740
926
847
635
594
618
802
777
654
862
1151
1259
1285
1595
1788
1904
2148
2026
1781
2026
2088
1849
2222
2423
2430
2573
2548
2374
2145
2223
2467
2248
2397
2141
2074
1635
1316
1504
1458
1381
1769
1573
1504
1631
1603
1533
1334
1361
1366
1786
1272
1371
1336
1238
1057
1307
1030
914
801
783
766
707
684
680
761
705
724
738
975
1011
1332
1168
1201
1414
1402
1304
1696
1502
1470
1438
1322
1563
1445
1451
1248
1260
1653
1717
1898
1552
1427
1657
1528
1267
1358
1099
1042
1347
1094
1120
1278
1015
1208
1210
1154
1300
1419
1569
1071
1064
991
702
936
827
903
717
944
751
559
589
579
774
663
811
787
985
1385
1392
1653
1657
1784
2041
2068
2139
2043
2625
2763
2414
2720
2465
1709
2584
3358
3541
3039
2819
2605
3133
2895
2194
1899
1777
1822
1797
1749
1503
1216
1374
1251
1581
1149
1316
1420
1256
1213
1182
1059
1162
761
869
728
815
693
675
580
702
564
647
793
564
684
818
853
1219
1407
1678
1831
2107
2226
1860
2390
2613
2590
2810
2467
2726
2862
2815
2853
2999
2835
3036
2689
3101
2805
2728
2352
2327
2371
1907
1985
1770
1757
1866
1768
1514
1491
1220
1857
1580
1680
1507
1812
1194
1160
871
1197
1114
905
917
798
678
562
660
497
395
490
369
511
467
568
1102
1765
2032
2253
2322
2252
2568
2485
2468
2635
2916
2639
2976
2617
2501
2388
2012
1884
2341
2415
2592
2131
2133
1993
2275
1612
1451
1062
1047
1027
1103
1152
988
1057
1059
1112
1012
766
1148
1071
923
1090
879
554
782
504
378
341
353
396
258
302
302
383
315
362
331
426
306
284
561
520
584
588
892
685
676
599
775
734
607
879
724
857
1101
988
796
837
889
1125
837
1017
949
762
722
824
637
757
690
688
746
810
727
812
846
930
771
706
688
515
584
748
513
534
488
394
420
362
268
199
131
220
160
209
249
166
238
336
370
455
447
590
453
763
773
754
678
896
774
663
680
914
792
677
731
917
945
933
778
721
695
765
774
620
744
938
971
937
834
993
851
625
748
721
796
734
723
674
603
626
566
402
390
356
322
302
466
270
275
572
486
583
630
762
1145
1332
1297
1768
1710
1604
2033
2018
2067
2002
2160
1965
1789
1967
2131
2163
2082
2378
2072
2316
1983
2295
1651
1759
1383
1387
1238
1378
1301
1245
1119
956
1240
1341
1172
1067
1206
899
697
860
695
721
642
529
562
519
563
454
505
431
502
479
414
500
653
811
1386
1404
1600
1567
1427
1496
1810
1906
1951
1968
2004
2217
2368
2371
2119
2399
2441
2596
2322
2151
2700
2193
2161
2181
1601
1714
1492
1751
1433
1426
1264
1507
991
1188
1396
1327
1036
1127
1274
1106
1059
865
994
651
886
824
780
646
560
593
640
600
631
566
717
777
761
950
1337
1411
1899
1789
1926
2320
2213
2136
2494
2389
2643
2688
2285
2814
2618
2457
2665
2636
2578
2052
2209
2072
1789
2034
1853
1688
2059
1629
1526
1468
1691
1762
1639
1465
1595
1776
1612
1556
1622
1349
1467
1442
1286
1395
1417
1105
932
1060
1154
804
938
1119
1079
1092
1373
1924
2305
3141
2655
5420
5770
5701
6389
5605
3523
4108
4056
3908
4078
3287
2541
3102
3531
3136
3016
2922
3025
3291
3074
2765
1624
2035
1941
1832
1683
1280
1151
1240
1617
1357
1644
1335
1288
1594
1384
1434
1253
1167
855
826
854
847
783
809
860
560
543
691
803
747
700
771
973
1460
1276
1529
2195
2085
2018
2178
2253
2028
2010
1925
1873
2113
2341
2475
2179
2175
2021
2030
2178
2508
2598
1720
1718
1763
1328
1343
1377
1282
1521
1246
1053
1174
1101
1223
1150
1337
1131
1095
932
939
668
766
789
912
643
507
686
450
427
377
532
371
433
323
288
429
407
476
493
490
511
699
779
945
739
927
819
884
978
970
1113
824
771
1364
986
1031
1188
960
1247
967
1196
893
727
1066
1193
863
877
782
913
971
700
848
1090
898
1035
912
832
881
835
997
818
523
575
424
353
341
255
390
301
174
294
354
373
219
357
422
470
371
565
614
669
657
730
839
845
984
905
1022
1075
1232
1305
1157
1126
999
1226
936
1085
1316
1132
1054
1069
1135
1393
1214
1059
1261
1051
1150
1249
1322
1171
1162
1035
982
863
838
870
573
617
388
461
473
384
528
657
366
379
469
338
417
474
654
997
1067
1040
1376
1830
1631
1839
1948
2024
2051
1888
2254
1808
1967
2179
2278
2802
2531
2362
2101
2346
2453
1839
1768
1508
1513
1394
1224
1240
893
1034
1155
1184
1458
1155
1259
1238
1019
979
1078
1059
703
852
688
731
744
542
382
206
104
185
157
194
181
212
350
371
494
766
1410
1335
1574
1247
1231
1477
1525
1607
1924
1956
2042
2120
2043
1986
2025
2065
2326
2346
2407
2066
1230
1339
816
985
1311
1336
1478
1034
995
833
1054
1058
806
822
989
1178
793
815
682
694
729
582
787
470
569
563
653
610
565
402
505
495
588
709
682
1206
1391
1318
1259
1601
1497
1912
1991
1775
2142
2133
2206
2072
2016
1894
1970
2158
2001
2123
2226
2319
2104
1191
1816
1815
1487
1195
1087
1169
1278
1220
1174
864
1062
1153
1037
601
865
903
997
710
779
666
698
855
610
454
475
547
399
304
454
387
400
279
523
776
814
1318
1108
1440
1405
1333
1945
1630
1713
1661
2205
1960
2125
2208
1807
1691
1844
1847
2157
1986
1958
2061
1790
1917
1450
1223
951
773
712
881
732
944
784
798
975
1026
838
876
933
945
663
685
538
538
464
685
543
478
364
369
357
531
557
354
326
460
653
870
1349
1622
1317
1729
1665
1786
1975
1459
1732
1517
1948
1863
1697
2405
2542
2022
1909
1883
1615
1761
1691
1765
1847
1172
1538
1046
598
621
1013
433
833
1133
930
958
806
791
917
822
