810
945
1006
804
750
679
833
742
697
538
534
499
501
420
398
415
409
317
405
351
284
331
336
392
373
396
417
342
301
325
436
495
428
602
457
440
354
556
570
616
722
656
786
882
983
938
718
789
793
974
473
871
775
725
713
832
778
613
860
898
709
801
862
848
757
666
977
894
921
1044
902
864
835
820
758
643
712
818
617
626
793
717
764
874
906
847
817
879
861
793
743
772
814
811
693
566
563
843
731
695
556
682
617
753
543
605
378
394
310
381
397
384
296
322
394
265
331
308
340
349
374
340
251
303
415
221
277
308
360
385
345
401
416
427
572
487
484
555
559
558
532
590
663
887
749
669
820
700
752
731
714
780
842
722
852
615
776
643
629
687
723
800
782
1077
966
808
772
834
776
889
770
805
635
634
731
806
679
732
695
817
769
851
958
823
809
866
1030
1175
1043
860
874
644
814
878
600
677
634
656
549
598
643
401
554
512
437
483
618
546
393
368
302
422
388
423
479
471
396
468
349
609
696
694
817
763
725
988
932
1136
910
1321
1393
1119
1237
1155
1051
1220
1337
1177
1044
1185
1218
1479
1278
1678
1422
1524
1526
1603
1535
1307
1119
1571
1200
1244
1701
1334
1391
1475
1179
1407
1294
1182
871
1002
676
943
837
922
737
904
1113
972
917
973
871
1029
897
1010
932
899
753
859
875
722
852
1073
1027
744
759
826
836
789
708
685
613
776
800
610
462
603
527
440
471
454
458
398
436
438
345
454
461
438
452
470
369
404
538
607
540
635
799
764
663
830
645
875
812
816
772
845
951
1045
857
910
905
865
868
728
788
1074
894
822
902
780
746
787
866
959
1028
990
1127
1179
846
1033
692
957
1036
927
719
813
829
691
692
709
578
798
874
532
823
534
754
699
625
678
745
727
683
683
790
781
710
1040
860
848
601
719
527
620
432
459
607
507
479
563
510
422
527
530
455
478
368
319
317
340
383
429
463
439
369
548
425
561
617
612
942
882
862
889
1167
902
997
1166
1237
1340
1153
1157
1243
1397
1461
1549
1615
1660
1352
1839
1431
1601
1181
1081
1169
1726
1926
2174
2122
1774
1942
1822
1344
1749
1954
1688
1751
1614
1225
1103
1295
1115
997
1063
1049
1172
1140
950
900
723
755
896
754
730
824
1002
576
802
785
851
871
689
805
682
785
690
574
759
665
529
455
489
536
428
471
488
418
408
373
439
310
473
357
328
335
420
496
441
305
382
417
515
456
482
632
805
783
1000
993
995
1145
1186
1394
1272
1161
1180
1415
1512
1523
1558
1585
1745
1594
1464
1609
1591
1699
1684
1729
1695
1723
1875
1782
1753
1612
1848
1559
1677
1919
1849
1591
1597
1666
1426
1319
1399
1412
1319
1190
1075
1267
1157
970
1023
1150
1093
1100
1027
904
962
780
559
1128
1070
1008
892
1006
965
862
1239
927
772
687
685
610
471
612
873
658
495
578
572
535
471
405
410
367
334
372
414
232
231
278
305
165
275
312
296
296
262
380
580
885
1083
1098
1253
1427
1292
1465
1309
1334
1562
1563
1534
1334
1528
1571
1650
1709
1545
1715
1743
1807
1482
1618
1444
1405
1165
1395
1151
1168
1370
1451
1442
1463
1622
1367
1203
1245
1329
1113
1387
1253
905
1047
746
632
628
661
503
712
727
611
703
675
527
543
685
708
623
669
603
584
450
611
678
693
541
588
587
675
660
290
342
451
472
293
280
234
192
224
253
208
224
168
154
102
267
166
241
211
170
226
233
164
215
280
198
205
163
170
291
380
294
301
399
289
466
557
460
393
395
411
321
441
482
512
356
348
448
556
385
546
476
649
626
651
470
484
463
553
554
581
710
488
518
591
618
598
389
532
392
474
513
417
387
460
416
401
401
457
449
476
465
487
406
518
464
539
574
493
457
455
445
398
410
349
234
383
525
356
300
316
309
317
293
220
235
264
226
231
191
109
110
118
70
135
125
93
105
131
136
149
104
109
155
194
208
212
244
303
300
291
312
287
300
378
577
431
470
434
402
484
445
565
452
347
446
386
450
628
507
429
406
396
462
562
522
602
542
567
487
439
462
412
394
442
450
427
475
365
407
486
634
582
544
557
532
495
576
604
571
406
376
460
411
385
451
509
482
424
427
398
442
371
362
384
349
345
242
274
247
203
213
172
233
127
280
271
196
164
153
195
380
302
303
280
447
355
403
490
599
782
818
874
701
1034
1110
968
949
1021
1122
1362
1193
1216
1225
1287
1182
1300
1199
1159
1099
1070
1156
1128
1434
1383
1231
1148
1322
1539
1305
1109
1506
1283
1168
1457
1272
954
990
1032
783
949
773
788
715
754
920
749
714
787
738
573
583
713
708
823
850
643
612
652
742
631
542
411
476
491
544
394
383
464
463
267
333
292
378
322
311
323
294
286
280
307
271
261
319
283
277
197
323
313
413
433
389
770
845
830
885
946
962
948
889
917
865
936
1126
1186
1143
1096
1256
1144
1083
1231
1431
1351
1493
1456
1400
1149
1413
1471
1324
1687
1468
1555
1325
1338
1311
1672
1386
1337
1265
1348
1291
1172
867
900
1197
837
833
1190
796
978
790
813
746
996
765
584
586
755
781
910
793
727
548
700
709
781
639
678
601
631
472
574
640
432
345
556
563
465
509
387
392
344
354
327
412
351
379
364
414
397
269
368
466
388
586
423
554
537
777
811
849
986
1224
988
1101
1187
1373
1386
1308
1222
1378
1551
1384
1427
1531
1474
1925
1363
1337
1471
1663
1916
1330
1286
1745
1589
1710
1428
1440
1750
1095
1345
1209
1308
1076
1139
1093
1279
1152
1011
1057
1206
1174
997
897
949
761
1019
1057
1049
992
1180
814
914
932
872
1004
1114
985
977
909
889
1030
763
888
827
847
933
669
904
847
842
836
719
613
506
562
697
677
679
459
589
492
660
645
702
615
668
740
1037
1153
1166
1506
1810
1737
1525
2758
3386
2966
4249
3227
3692
3726
3468
2836
1917
2441
2574
2510
2413
2363
2334
2422
1854
1999
1548
1748
1781
2009
2224
1707
1942
1801
1671
1852
1744
2053
1918
1930
1751
1678
956
1148
1222
1222
1053
1311
1000
974
993
844
701
602
729
804
1001
843
837
1046
890
747
868
716
930
971
800
827
884
736
762
661
628
488
540
463
534
529
461
450
567
452
453
530
310
408
314
406
356
517
494
422
459
358
388
551
552
885
828
794
784
948
1214
1260
1371
1068
1233
1214
1395
1401
1236
1278
984
1392
1095
1227
1145
1208
1236
1370
1409
1467
1447
1302
1404
1171
1165
1281
1205
1235
1472
1489
1440
1648
1121
896
1029
1133
1022
920
741
750
740
897
832
761
932
733
791
644
640
759
568
717
669
794
683
846
718
728
596
692
616
526
558
540
386
385
504
472
509
538
413
412
363
238
481
343
218
296
218
219
255
348
265
172
285
244
161
123
223
296
302
180
210
347
295
300
307
306
282
488
367
546
544
536
463
457
611
450
520
537
648
526
583
582
737
538
467
427
642
893
583
576
630
626
782
454
687
719
796
524
593
778
668
347
463
514
694
722
731
477
400
603
500
463
569
661
473
398
515
444
717
564
540
554
651
542
558
507
512
524
535
470
491
629
501
436
281
349
337
224
278
164
178
196
174
207
231
179
153
90
159
188
212
175
251
155
153
209
232
229
261
318
190
273
311
485
291
435
351
440
421
409
454
539
514
481
680
548
557
611
724
562
646
844
753
764
687
669
600
657
725
700
610
515
741
565
906
690
659
638
558
710
724
639
820
937
622
693
677
729
663
609
667
710
792
758
794
705
727
628
684
624
579
575
510
511
508
514
432
388
392
334
279
200
288
282
273
217
294
330
346
382
261
203
209
308
233
190
214
253
292
280
267
547
609
593
702
586
759
781
1026
1094
970
1045
1111
1147
1145
1261
1112
1282
1201
1107
1358
1253
1017
1269
1132
1338
1204
1423
1620
1674
1742
1318
1338
1321
1275
1383
1421
1490
1244
1100
1059
1008
931
929
862
837
878
616
778
749
524
552
641
574
791
688
716
883
861
649
772
721
799
660
564
557
637
648
645
629
415
466
496
477
389
431
405
468
350
363
310
83
161
58
80
139
63
99
83
152
137
95
119
202
190
179
302
292
349
509
823
949
712
882
953
702
820
716
921
796
864
925
990
1125
1152
1268
1051
1307
1157
1335
1278
1082
1298
1138
1258
1367
1151
1381
1469
1369
1444
1323
1270
1139
527
831
655
490
475
689
713
861
770
950
831
592
604
641
521
504
597
718
593
605
405
476
464
688
645
716
521
426
494
454
395
425
403
408
429
340
503
411
237
315
360
356
312
446
318
394
363
281
220
286
322
293
324
343
462
370
394
461
788
891
745
819
713
695
934
1017
1044
890
1071
1194
1201
953
1118
1438
1243
1298
1397
1262
1213
1169
1253
1259
967
1226
1348
1222
1173
1294
1200
1196
1487
1377
1448
1370
631
788
1072
1107
1108
916
915
618
804
659
556
814
725
877
699
667
704
572
500
614
747
646
685
499
315
454
550
533
584
658
384
451
484
414
427
384
434
533
426
372
391
197
295
278
281
316
251
175
228
240
238
264
269
163
171
265
334
404
508
460
683
853
647
723
860
908
815
739
1036
1224
895
1014
1083
909
1058
1011
1518
1099
1266
1225
1426
1277
1038
1089
989
1060
1166
1153
1111
1288
1190
1248
1216
1225
1222
1123
1023
1249
901
904
941
595
662
425
441
519
389
513
468
449
533
594
441
551
385
682
498
536
666
441
650
447
600
479
602
497
363
435
363
301
334
328
271
322
454
324
321
340
187
249
265
170
192
256
251
467
279
164
258
198
261
259
444
398
455
721
854
884
997
697
1079
1011
883
1256
979
1131
1177
886
840
1082
973
927
1275
1089
1120
915
1109
1388
1548
1613
1214
1206
1123
1254
1121
906
1003
1111
1070
935
926
1175
1141
1021
610
882
903
574
635
379
234
443
585
593
161
284
656
675
660
568
634
484
524
445
442
416
687
542
425
