2081
1978
1768
1609
1195
1127
956
884
739
813
861
913
772
1077
1195
938
1383
1593
2005
2077
1807
1763
1882
1718
1673
1922
1926
1801
2026
2280
2001
1983
1550
1666
1662
1881
2049
1972
1825
1865
1515
1682
1537
1534
1506
1120
782
947
749
723
784
833
662
758
686
856
950
1203
1150
1289
1279
1931
1700
1683
1778
1780
1771
1535
1619
1917
2264
1858
1916
1760
1564
1728
1687
1934
2016
2100
2588
1948
1831
1568
1515
1311
1209
1137
1293
927
853
983
1045
1018
1559
1819
2064
2323
3018
2781
2595
2920
2588
3182
3534
3624
3519
3042
2963
3430
3131
3093
2319
1963
2019
2067
2316
2246
2239
2126
1913
1843
2405
1718
1947
1682
1631
1462
1298
1057
1007
1031
958
1086
945
1158
1330
1799
1716
1836
1861
2148
2146
2084
1895
2144
2037
1784
2060
2312
2591
2058
2221
1948
1869
1563
1662
1612
1619
1539
1645
1656
1801
2063
1766
1489
1103
1279
1183
1086
1217
930
792
912
1008
1108
1306
1901
1938
2417
2602
2861
2830
3468
3702
3703
3571
2300
4244
4973
4353
3601
4168
3593
2869
2504
2495
2487
1861
1891
1830
1863
1843
1870
1780
1567
1613
1132
1192
1072
942
916
920
792
1084
831
1095
1203
1792
2302
2564
3119
2835
3395
3704
3881
3486
4019
4004
4142
4023
4000
4301
3739
3483
3213
3035
2738
2390
2607
2521
2081
1858
2448
2202
2392
1891
1619
1254
1699
1262
1221
988
796
750
631
498
733
655
1385
2544
3086
3193
3363
3491
3529
3869
3882
3796
3676
2982
2944
3179
3419
3239
3013
2941
2388
1754
1477
1548
1520
1400
1490
1540
1320
1294
1546
1376
1353
864
892
524
532
496
320
473
524
491
445
541
414
732
707
875
1184
899
896
1160
829
1139
1147
1512
1229
1155
1410
1307
1343
1136
1105
1074
1044
917
1010
1107
1037
1211
1255
1002
975
661
1127
675
745
568
551
459
277
228
245
288
310
340
461
624
699
722
1024
1090
923
1218
944
993
1279
962
1129
1288
1309
1064
930
1044
988
1020
1383
1314
1223
1335
925
953
1132
1051
950
866
838
623
512
504
459
511
395
755
693
953
1231
1878
1854
2555
2272
3002
2814
2875
2963
2458
2727
3154
2921
3221
3083
3063
2489
2227
2037
1770
1977
1680
1456
1623
1909
1490
1623
1120
1097
1096
1022
708
736
782
673
669
676
624
667
948
1435
1973
2219
2051
2223
2593
2671
2622
3091
3346
3179
3208
3560
3353
3095
3497
3059
2915
2128
2238
2254
2063
1957
1652
1569
2063
1468
1688
1598
1453
1284
1053
1245
1107
867
804
906
864
816
965
1089
1268
1857
2388
2491
3052
3107
3246
3290
3738
3413
3762
3446
3792
3535
3791
2651
2769
2744
2545
2614
2452
1975
2406
2453
2166
2146
2487
2160
2149
2004
2024
1872
1924
1634
1246
1673
1250
1397
1484
1641
2557
3457
3920
7345
8367
8292
6742
5668
5749
5457
4949
3862
4661
4404
4070
4276
4562
4088
2533
2742
2637
2208
1704
1735
2098
2227
1907
2014
1924
1926
1684
1175
1217
1109
1223
1110
861
815
1129
983
1027
1605
1830
2214
3155
2732
3128
2965
2814
2577
2896
3305
3209
3056
2825
3004
3458
3011
2453
2305
1751
1912
1990
1734
1602
1516
1723
1767
1544
1529
1244
930
1138
1194
879
830
597
586
732
476
522
438
608
635
660
753
932
1323
1045
1239
1253
1366
1514
1156
1544
1426
1513
1446
1735
1320
1468
1099
1636
1222
1269
1195
1195
1133
1465
1364
1297
1199
1201
1268
1005
788
613
442
399
488
296
443
489
378
537
642
559
911
866
990
1119
1149
1445
1461
1422
1891
1613
1470
1611
1473
1678
1570
1423
1625
2004
1434
1703
1503
1771
1761
1628
1415
1284
1185
990
904
586
639
608
827
597
615
480
594
655
1384
1479
1714
2429
2464
2645
2870
2655
3049
2619
2978
3406
3870
3123
3058
3416
2588
2249
2087
1818
1744
1256
1533
1697
1994
1658
1693
1341
1496
1258
1140
970
1022
844
351
210
240
234
294
422
460
751
1623
1969
1938
1776
2000
2256
2674
2789
2932
2836
2828
2908
3238
3388
2769
1596
1214
1570
1934
1855
1460
1213
1530
1200
1132
1665
1139
1080
957
971
1043
681
798
860
826
648
707
744
949
1085
1973
1753
1926
2217
2702
2604
2901
3143
2881
2921
2547
2969
2902
3049
3325
2014
2454
2410
1724
1442
1768
1741
1549
1354
1577
1075
1178
1398
1038
1061
947
1094
842
593
695
481
581
603
410
760
1135
1783
1605
2101
2197
2405
2298
2622
2925
3056
2738
2369
2665
2851
2756
2893
2576
2360
1800
1199
1078
1140
1211
1149
1275
1307
1262
1269
1278
956
806
764
825
765
600
543
516
826
525
527
797
1182
2036
2055
2262
2585
2650
2175
2191
2736
2387
3321
3294
2648
2495
2441
2355
2565
1878
1890
1236
868
1094
994
1537
1338
1115
1107
1260
