2966
2537
2301
1677
1327
1245
1097
1317
1083
1523
1579
1852
2443
3017
2781
2401
2486
2651
2747
2514
3218
2833
2407
2355
2521
2954
2776
2608
2134
2489
2095
1903
1221
1170
1083
1133
1061
1002
1171
1299
1649
1856
2030
2608
2455
2533
2505
2222
2640
3004
2783
2413
2429
2462
2777
2959
3448
2656
2271
1997
1807
1666
1482
1212
1579
1516
2410
2880
3692
4174
3807
3937
4645
5003
4922
4368
4715
4538
3709
2820
2839
3342
3135
3136
2695
3152
2643
2574
2364
1944
1584
1473
1364
1466
1462
1986
2500
2615
2706
3198
2908
2885
2896
2508
3370
3450
3084
2795
2457
2389
2214
2293
2418
2454
2988
2135
1693
1763
1620
1695
1148
1353
1474
1772
2777
3310
3825
4207
4668
5177
5185
4293
6899
5858
5738
5089
3676
3619
3252
2590
2832
2465
2676
2395
2221
1630
1543
1368
1282
1211
1357
1502
2072
3085
3938
4086
5003
5400
5193
5677
5852
5871
5790
5533
4679
4278
3755
3623
3282
2711
3437
3187
3006
2031
2311
1822
1476
1222
892
859
978
1670
3797
4575
4820
4953
5551
5615
5118
4400
4225
5007
4264
4268
3063
2109
2130
2140
2116
2124
1914
1994
1969
1336
882
694
654
604
698
693
732
845
1104
1480
1361
1374
1341
1603
1958
1784
1726
1962
1966
1484
1461
1447
1434
1537
1658
1701
1394
1099
1261
1022
814
630
330
380
458
404
706
902
1043
1536
1432
1670
1343
1706
1408
1862
1711
1416
1539
1364
1909
1771
1844
1373
1517
1457
1277
1192
792
678
768
545
1058
1213
1907
2629
3478
3637
4085
4162
3754
4098
4245
4450
4299
3946
3142
2625
2679
2364
2196
2513
2273
1596
1555
1363
1091
1082
959
933
893
1153
2197
3004
2994
3306
3857
3972
4585
4490
4840
4918
4851
4354
3782
3206
3184
2690
2498
2584
2363
2401
2165
1859
1537
1604
1206
1233
1231
1283
1538
2287
3310
3715
4533
4630
5032
4973
5432
5122
5214
4261
3861
3887
3747
3155
3159
3401
3060
3388
3178
2816
2728
2812
2037
2214
1742
2198
2465
4229
5796
11190
12090
9128
8164
7986
5828
6633
6152
5947
6365
4389
3976
3515
2431
2857
3001
2623
2978
2687
2022
1680
1630
1669
1103
1494
1447
1744
2736
3724
4103
4431
4038
3798
4454
4654
4196
4208
5106
3438
3091
2720
2803
2299
2275
2373
2468
2027
1607
1555
1555
1193
877
909
804
611
836
969
1001
1478
1684
1746
1862
2083
1595
2350
2219
2207
2163
1620
2259
1740
1695
1671
1938
1933
1744
1716
1815
1098
777
596
691
468
727
576
892
936
1283
1387
1684
1889
2097
2537
2283
2225
2021
2448
2123
2528
2273
2312
2399
2493
2197
1845
1708
1190
849
857
1185
745
807
891
1651
2107
3206
3470
3972
3939
4062
4146
5080
4893
4447
4292
3276
2907
2464
1927
2339
2613
2497
1998
2137
1555
1419
1286
588
289
351
393
721
1260
2745
2821
2708
3132
3880
4162
4029
4090
4672
4473
2569
1801
2647
2512
1828
2112
1628
2167
1608
1376
1311
1257
1132
1263
967
1000
1297
1888
2709
2860
3409
3766
4275
4278
3910
4128
4124
4545
3295
3631
2682
2256
2498
2038
2215
1638
1768
1707
1445
1553
1064
1022
703
841
679
1299
2132
2548
2738
3575
3374
4165
4333
3498
3691
4143
4019
3707
2673
1724
1593
1676
1582
2001
1714
1878
1348
1076
1149
1021
733
888
911
786
1523
2971
3046
3451
3434
3249
3811
4102
4564
3792
3376
3456
3019
2584
1219
1446
1966
1888
1597
1739
