2442
2087
2040
1568
1344
1090
1027
819
979
1071
849
1165
1323
1102
1598
1931
2432
2111
1977
2191
1988
1998
2132
2239
2041
2519
2465
2218
1872
1739
1974
2398
2225
2138
2124
1791
1904
1736
1800
1390
959
1043
894
828
883
887
845
757
957
1087
1349
1426
1453
1949
1966
1955
1994
2131
1918
1717
2069
2543
2150
2172
1906
1968
1858
2091
2375
2335
2903
2063
2104
1732
1570
1427
1308
1459
931
1042
1273
1069
1649
2074
2320
2787
3417
3027
3308
3071
3541
4014
4173
3541
3669
3801
3767
3371
2663
2180
2287
2637
2433
2567
2528
2136
2233
2536
2134
2025
1833
1704
1434
1229
1165
1101
1162
1138
1311
1566
1976
2004
2224
2259
2556
2335
2143
2518
2195
2006
2678
2998
2343
2521
2159
1997
1793
1913
1834
1816
1935
1899
2100
2396
1665
1365
1442
1370
1309
1285
911
947
1200
1214
1475
2267
2577
2624
3359
3292
3729
4214
4251
3426
3703
5525
5116
4212
4734
3997
3014
2791
2915
2288
2129
2233
1977
2220
2020
1918
1772
1358
1305
1273
1054
1053
918
1167
979
1235
1588
2267
2804
3318
3204
3889
4330
4177
4434
4443
4728
4541
4606
4852
4319
3690
3720
3082
2956
2887
2863
2014
2653
2562
2525
2584
1811
1556
1724
1495
1184
993
946
703
623
811
890
2393
3305
3621
3814
4019
4013
4402
4691
4187
3501
3356
3695
4011
3412
3327
3063
2248
1654
1754
1786
1505
1784
1681
1416
1732
1637
1262
1166
741
568
599
384
542
553
570
604
510
731
817
1042
1285
1011
1164
1086
1309
1232
1697
1362
1391
1629
1478
1386
1254
1195
1142
1153
1185
1204
1311
1465
1169
1029
878
1048
825
715
640
499
283
307
293
349
340
537
765
762
839
1284
1156
1350
1088
1137
1420
1065
1427
1531
1241
1133
1156
1134
1396
1499
1398
1564
1085
1089
1306
1147
995
1015
779
594
556
547
551
668
803
1015
1361
2176
2417
2643
3054
3301
3253
3369
2804
3372
3376
3643
3524
3371
3026
2542
2275
1966
2121
1906
1763
2106
1689
1770
1250
1343
1099
897
844
908
734
718
829
691
966
1628
2284
2484
2480
2625
3042
3088
3440
3881
3453
3723
4217
3572
3953
3498
3222
2657
2484
2409
2090
2166
1748
2256
1753
1923
1707
1529
1336
1348
1245
969
976
947
1031
1030
1220
1519
2186
2838
3087
3628
3614
3827
4451
3648
4537
3926
4252
4243
3071
3131
3129
2855
3089
2446
2525
2783
2393
2581
2726
2489
2340
2324
2155
2226
1645
1704
1563
1505
1774
1832
2900
4433
5359
9156
9212
9182
6106
6557
6311
4914
4758
5198
4793
4897
5221
4373
2710
3258
2683
2078
1886
2328
2491
2129
2392
2310
1869
1436
1360
1297
1336
1090
1014
1159
1191
1195
2046
2095
3124
3191
3602
3403
3169
3005
3483
3843
3558
3245
3383
3990
3133
2828
2323
2081
2228
2031
1833
1728
1930
2065
1697
1464
1138
1293
1242
914
935
705
738
605
571
593
588
863
796
1035
1425
1223
1430
1496
1531
1581
1545
1737
1802
1600
1816
1807
1184
1788
1442
1415
1547
1173
1582
1450
1561
1389
1349
1443
978
827
538
500
569
362
519
502
510
684
671
1007
1043
1093
1277
1586
1521
1688
2135
1826
1718
1711
1684
2038
1597
1889
2239
1707
1804
1964
1998
1819
1688
1465
1352
1069
806
720
657
954
695
666
577
736
1209
1707
1928
2744
2846
3209
3208
3319
3072
3311
3985
4155
3515
3796
3261
2666
2419
2035
1899
1555
1843
2228
1917
1916
1543
1722
1296
1175
1184
1020
482
232
279
343
285
529
816
1750
2252
2200
2216
2281
2766
3233
3386
3259
3114
3580
3849
3462
2061
1452
1914
2237
1865
1550
1593
1446
1289
1857
1279
1169
1078
1122
904
925
956
962
702
817
1027
1125
2203
1974
2425
2656
3022
3231
3468
3351
3275
3066
3229
3331
3806
2734
2740
2656
1917
1817
2141
1733
1484
1817
1214
1398
1484
1218
1084
1289
946
691
770
559
664
554
775
1245
2022
2062
2144
2913
2676
2641
3478
3582
2878
2853
3106
3246
3355
2884
2624
1971
1289
1225
1239
1406
1458
1524
1454
1339
1400
977
846
927
876
665
550
773
721
613
901
1480
2476
2341
2844
2874
2493
2628
3140
2788
4129
3167
3045
2726
2682
2951
2127
1949
887
1510
848
1790
1484
1272
1443
