568
524
663
687
524
599
494
470
465
509
570
496
473
394
368
333
335
365
342
302
277
251
291
271
237
269
220
301
209
246
193
171
251
208
274
246
294
170
305
302
240
217
166
226
234
255
299
377
292
300
438
293
335
269
244
254
412
403
376
407
479
454
445
553
512
603
657
660
604
493
499
515
520
530
717
210
579
555
501
556
443
382
659
504
498
483
410
607
579
572
446
535
529
546
691
473
447
506
470
618
627
626
615
651
699
665
461
640
506
561
588
563
377
461
418
616
496
384
464
395
523
534
453
464
547
627
570
654
529
574
485
637
572
532
550
484
546
485
448
645
532
494
339
426
343
514
549
498
463
465
314
494
430
407
450
513
368
361
419
242
273
257
218
211
262
280
248
253
207
182
229
276
212
171
195
250
194
247
188
254
245
239
230
173
174
207
267
197
172
159
229
197
199
287
259
212
248
286
265
288
290
384
392
283
300
409
330
387
361
369
361
362
399
437
471
642
538
384
496
548
578
394
411
572
500
472
491
531
603
436
525
567
475
425
513
505
401
420
464
432
467
516
540
546
571
742
630
600
544
488
603
515
470
591
604
507
503
565
436
402
431
504
454
579
461
461
489
447
529
536
565
461
594
660
497
624
463
639
573
660
748
797
680
678
545
586
502
430
527
611
554
412
432
433
440
427
423
395
300
452
389
392
263
383
380
303
302
323
295
443
361
360
256
291
214
170
293
261
261
227
323
301
361
288
306
236
322
205
345
408
470
426
494
530
490
560
563
490
660
607
728
733
606
720
905
880
921
711
751
911
730
635
787
849
806
866
842
720
694
815
748
961
988
844
1104
1008
936
966
1044
1049
1051
1029
999
1116
727
699
893
1098
795
883
766
1020
1072
943
914
1023
929
901
667
1018
899
787
790
528
705
640
401
575
643
561
633
565
513
576
552
686
790
609
643
614
633
543
730
627
602
608
697
635
631
565
537
517
558
524
559
514
547
613
765
713
573
485
494
480
611
549
519
557
427
522
444
427
426
536
531
497
382
294
332
439
383
280
304
339
278
308
255
324
277
309
268
297
233
303
263
307
285
307
346
221
355
216
309
248
334
420
391
325
411
439
489
581
493
413
524
556
389
535
596
539
530
559
597
413
607
642
661
693
568
634
565
618
529
623
573
530
493
547
612
703
581
622
513
582
598
502
449
555
529
473
720
632
679
647
692
695
773
838
555
589
735
464
510
675
700
636
627
468
553
511
581
503
436
477
460
464
398
471
507
549
556
301
492
504
361
477
522
454
430
410
463
528
405
539
483
395
488
533
494
544
442
620
688
543
695
470
442
399
479
345
425
377
319
244
328
391
383
340
307
342
393
328
258
346
295
410
352
321
276
336
253
199
235
224
237
196
242
272
298
345
249
308
253
284
380
297
297
392
443
343
443
616
673
535
510
636
605
826
674
569
657
724
782
898
764
915
723
824
763
982
728
930
907
1164
939
1002
1198
1075
879
1023
1289
1060
870
1102
864
590
808
577
1192
1126
1245
1395
1460
1425
1374
1097
1293
1352
1119
997
855
1241
1205
1265
1172
1092
1283
990
754
970
604
890
765
755
662
727
671
731
692
798
861
564
665
561
601
461
473
570
608
478
556
450
552
675
599
291
570
517
550
537
549
584
469
507
567
477
443
557
481
437
385
427
521
439
449
306
310
293
341
380
318
266
327
374
258
314
266
246
246
296
270
220
261
302
229
253
203
233
231
291
315
330
292
198
222
267
228
349
355
303
344
291
428
525
484
509
528
746
708
594
686
816
683
832
921
882
863
827
703
811
932
964
1031
962
1114
1005
1032
1179
1119
1065
1071
922
1091
1005
1104
1234
1043
1106
1216
1078
1130
1223
1151
1224
1124
1267
1144
1006
1179
1275
961
1191
1084
1229
1325
1214
1168
915
1105
1131
1084
877
843
886
989
886
1029
816
835
712
718
817
846
761
613
736
644
736
757
750
753
600
774
736
419
711
609
275
455
661
860
677
694
684
522
662
702
607
501
715
885
639
530
530
422
528
422
439
328
314
404
510
571
449
377
327
361
371
418
345
350
311
299
224
292
275
171
255
268
253
265
160
158
145
164
236
183
144
91
205
198
216
194
203
167
188
239
296
425
522
735
711
739
646
966
954
879
886
1045
811
918
918
854
1124
1006
1112
979
922
825
1115
1061
1012
1148
1237
1093
924
1147
1190
1121
1233
1039
1017
1117
1014
931
886
1077
607
1013
817
716
810
851
877
971
996
926
1002
975
1108
895
866
809
842
852
880
707
888
905
888
592
678
671
660
462
455
380
425
500
349
315
452
584
403
376
476
462
472
337
393
363
412
453
460
428
443
429
476
367
409
308
317
345
446
498
473
429
332
389
371
415
462
442
431
219
170
243
298
308
317
194
226
153
168
141
117
149
161
167
100
190
142
124
116
82
62
120
187
99
136
172
134
149
98
145
173
141
111
104
164
178
158
142
125
129
114
109
151
201
270
222
182
227
186
287
197
231
327
335
390
292
268
274
246
281
210
241
275
358
290
384
238
246
218
255
323
378
353
210
339
365
318
376
460
439
422
404
295
345
318
284
344
376
387
335
521
435
338
361
307
346
464
399
446
311
230
332
328
264
330
306
351
285
253
266
313
344
219
239
332
231
351
248
307
297
333
311
345
306
242
310
374
298
329
347
437
342
339
269
314
273
313
270
284
254
221
234
128
212
304
392
297
147
212
213
211
201
200
236
174
137
168
150
185
174
131
174
131
117
77
53
89
95
46
47
85
90
85
67
53
78
95
91
81
113
64
76
55
81
128
129
110
163
135
169
152
170
274
159
147
252
204
199
204
184
252
370
333
280
301
320
319
273
244
276
392
261
421
257
339
240
252
301
215
335
286
387
441
307
285
269
281
274
241
343
398
323
363
390
388
366
387
380
287
291
283
327
246
313
247
320
295
277
264
383
255
238
258
276
337
287
496
350
399
377
373
385
331
366
316
389
392
415
368
280
217
285
303
322
246
251
270
315
336
345
310
286
311
254
296
239
305
285
166
282
273
253
207
238
221
128
192
178
151
143
122
151
143
115
147
61
139
207
140
221
106
105
119
93
122
150
303
187
231
187
198
192
337
224
262
272
241
419
429
546
506
548
576
517
482
557
861
726
667
667
583
599
724
820
911
805
839
804
853
784
826
893
750
843
850
806
870
578
810
690
726
810
821
750
991
929
871
814
762
869
839
993
942
909
767
953
895
845
771
835
920
960
849
715
502
727
718
568
529
600
606
516
553
404
546
508
508
658
570
435
458
518
509
498
381
337
438
508
480
433
533
598
542
441
399
415
434
479
481
464
346
363
292
253
342
339
282
414
308
212
257
309
321
297
179
245
176
207
252
211
174
242
217
235
214
168
204
175
187
225
151
202
140
232
208
165
224
171
114
219
187
211
256
259
240
342
240
509
537
569
515
555
645
625
664
619
576
681
580
538
681
563
655
663
744
786
769
774
713
815
824
730
719
778
921
747
994
915
886
1043
1037
853
966
825
809
928
935
1067
793
1117
1119
919
1062
930
888
886
868
895
1160
1042
856
853
921
828
896
888
855
815
664
560
550
711
836
548
561
561
814
660
512
637
600
531
616
416
527
693
556
512
405
332
433
508
475
553
615
627
461
466
478
331
478
448
483
551
441
428
457
462
360
458
323
322
426
386
402
301
247
229
342
418
359
304
306
364
271
248
260
221
240
237
189
253
297
258
236
236
217
293
268
217
253
196
251
293
290
218
333
423
246
318
413
385
403
526
560
520
580
642
702
866
628
732
729
785
841
934
923
885
886
905
679
1016
1014
992
929
972
934
1052
1033
1041
1325
992
838
870
948
1088
1098
1314
1037
895
828
1005
1198
1067
1024
1208
953
872
1043
1138
1190
517
844
944
766
896
871
617
747
730
755
897
747
787
701
676
691
704
853
823
709
600
585
626
635
449
673
640
763
634
802
605
742
735
517
554
587
705
568
646
662
720
812
567
627
661
598
519
711
689
469
596
586
583
582
509
650
498
454
617
586
548
527
577
574
497
391
444
313
392
363
395
554
425
477
433
228
339
428
314
424
481
400
466
427
424
477
386
545
633
765
792
710
897
1065
1152
1319
1076
814
1435
2034
2208
2379
1765
2804
2740
1932
2241
2299
2878
2365
2196
1743
1004
1820
1534
1748
1678
1658
1546
1675
1555
1392
1702
1662
1352
1221
1280
1061
914
1321
1240
1283
1267
1522
1281
1128
1344
1180
1219
1050
1188
1285
1130
1294
1373
1193
1445
1210
1144
1232
1053
944
410
750
855
695
894
727
805
832
680
678
616
709
525
603
452
498
353
444
497
592
675
649
520
484
699
700
598
494
545
560
507
517
524
774
603
491
586
550
600
574
446
517
518
388
455
272
389
320
377
306
344
333
386
347
233
331
333
403
283
317
317
349
210
214
294
229
156
335
238
318
317
286
399
231
334
227
256
234
333
372
327
478
632
609
541
472
482
600
650
690
993
791
972
824
643
752
912
783
863
1044
889
852
838
824
706
707
963
793
735
794
693
783
877
832
845
929
971
964
941
967
890
892
951
825
799
659
962
825
781
795
864
943
1068
950
973
999
1116
759
604
654
589
832
741
666
683
593
408
639
444
439
660
538
535
505
553
635
575
455
605
396
434
409
532
458
384
359
542
443
516
504
479
431
619
498
472
476
403
433
452
409
428
305
349
382
367
311
198
262
371
294
311
317
412
318
309
203
313
220
206
175
324
268
232
111
177
226
131
171
135
177
210
216
202
117
118
168
199
162
93
117
74
165
150
204
177
184
121
106
247
204
162
250
183
208
223
182
205
260
305
265
317
331
328
449
303
316
288
316
447
295
319
369
342
346
406
402
366
388
374
403
530
388
357
306
312
276
344
613
578
417
370
372
440
369
447
546
417
273
467
443
496
528
476
316
365
431
575
436
368
211
332
273
372
475
434
507
471
410
327
234
371
398
351
295
317
350
382
498
321
294
256
302
366
291
405
520
356
366
343
385
454
385
354
368
395
302
325
367
344
323
416
266
285
434
401
323
372
242
161
203
266
226
205
130
184
133
125
96
182
96
141
81
159
160
130
120
122
42
79
119
79
149
149
142
96
144
196
66
79
144
139
148
166
147
193
178
208
135
149
179
197
276
323
211
210
305
234
294
263
277
273
280
283
369
341
284
407
304
509
366
353
357
394
417
510
410
366
402
533
555
530
517
470
430
504
422
457
391
409
461
504
460
393
354
378
534
362
410
601
573
422
442
438
417
390
352
526
479
480
404
527
638
592
482
371
462
366
508
532
447
418
407
460
434
483
587
435
528
542
493
464
466
507
382
468
428
412
380
415
359
325
366
330
360
314
348
356
195
269
249
260
217
218
111
150
216
154
200
176
176
138
167
254
203
176
321
231
169
146
149
122
159
236
149
155
119
148
155
164
184
188
200
179
295
340
395
442
365
506
394
388
454
573
513
638
812
670
624
706
685
758
697
803
809
759
838
763
846
785
814
731
763
906
919
786
643
808
835
714
869
887
841
852
934
1021
1178
1095
1141
1055
864
922
911
826
856
922
880
963
1031
917
859
779
706
749
714
604
599
610
651
537
621
541
557
478
459
511
505
511
372
385
319
395
456
364
498
521
460
496
454
649
629
482
399
491
545
457
501
503
455
342
412
367
422
413
450
431
428
415
278
289
314
329
345
299
202
301
317
300
266
307
272
208
233
233
136
24
89
106
24
47
55
117
46
55
61
73
18
144
108
37
87
71
90
160
162
80
127
192
201
201
222
284
352
583
531
658
394
579
621
634
530
491
545
558
433
550
675
492
523
640
626
606
737
772
651
898
871
688
776
894
751
790
951
887
828
645
899
770
767
868
709
1048
698
866
968
994
863
981
1011
866
890
878
828
703
370
307
681
508
398
239
307
427
430
488
569
517
463
610
647
557
482
384
442
351
452
318
429
278
395
422
498
403
394
401
248
322
311
346
310
496
412
525
424
346
304
297
332
329
287
273
280
267
269
256
286
294
278
197
353
350
211
156
187
209
261
247
208
207
237
314
198
254
260
216
232
196
151
172
183
225
196
194
202
221
244
302
260
270
266
274
315
464
569
646
524
462
578
499
435
474
640
591
720
697
580
657
722
753
790
813
666
675
822
685
1049
795
839
907
927
849
883
740
879
763
818
931
763
635
685
873
873
872
825
745
787
935
834
823
739
924
1003
937
942
1006
870
381
477
561
615
858
706
741
711
572
632
483
418
577
439
447
379
506
485
509
445
648
539
357
470
470
436
370
292
396
426
472
523
398
424
449
311
163
291
315
379
345
359
370
468
404
242
291
302
303
322
273
301
246
264
299
310
358
322
268
208
274
196
118
168
246
159
175
274
148
173
122
131
129
177
162
168
178
156
200
125
107
122
125
189
172
289
277
372
236
360
419
551
566
486
361
523
482
696
590
513
535
506
594
864
802
653
586
670
694
726
572
676
706
687
1017
830
770
861
663
967
949
1003
751
615
846
666
710
661
678
804
742
773
694
897
808
858
800
780
770
839
832
914
664
767
707
746
819
668
577
560
597
567
372
435
401
251
227
410
323
230
336
336
368
191
358
322
440
365
263
338
391
246
344
477
341
361
332
490
290
327
428
409
260
416
346
317
304
495
300
301
195
302
250
230
184
220
238
204
211
178
204
334
222
222
194
238
229
138
122
176
182
119
134
115
156
177
179
261
278
195
139
109
190
169
97
157
191
172
216
322
304
244
437
495
517
626
595
738
444
512
693
692
705
533
696
910
677
635
798
764
755
544
573
621
728
687
594
619
890
758
716
776
671
588
724
805
968
1017
1075
1069
810
871
739
747
725
905
794
621
612
686
685
743
650
809
546
677
627
797
760
767
635
342
515
635
591
492
394
472
320
222
154
191
332
349
480
349
107
161
177
403
488
440
458
404
366
424
420
274
336
358
275
303
325
230
483
405
341
280
235
