301
267
242
282
319
344
326
361
319
205
313
286
241
253
256
214
267
198
234
275
324
246
246
250
257
216
224
170
178
190
154
179
201
134
159
206
134
208
159
143
115
162
143
108
147
144
104
167
143
94
172
97
132
88
163
138
104
105
105
141
112
81
91
80
114
137
107
101
128
146
107
139
127
167
79
91
151
154
158
144
115
125
147
70
86
80
135
91
109
125
146
109
181
118
212
165
200
92
136
164
233
205
140
153
164
171
148
121
92
152
110
144
190
222
204
199
167
209
192
215
189
290
243
211
216
229
264
289
233
279
340
263
337
320
326
334
354
250
249
244
225
274
235
280
260
260
273
257
312
405
198
12
263
316
280
275
279
222
274
282
270
173
206
176
331
328
245
259
244
254
280
203
198
212
282
325
253
326
300
272
204
242
263
272
243
286
278
268
316
375
248
225
273
174
310
196
202
268
317
301
359
268
311
315
320
295
306
345
339
360
288
377
237
224
271
369
235
271
329
232
278
310
335
228
195
182
231
230
185
233
294
322
244
252
214
170
233
231
198
197
186
337
270
264
210
243
226
238
300
247
268
359
270
300
336
318
263
266
296
278
243
242
337
300
195
377
289
243
295
255
204
280
259
287
270
215
262
186
366
279
278
254
254
240
199
140
150
276
253
90
220
294
269
280
248
250
233
230
247
218
111
203
242
252
206
224
195
212
210
240
254
259
213
155
175
186
258
161
123
119
136
137
142
115
130
88
92
119
96
166
164
116
117
131
136
117
79
128
89
93
136
93
131
145
118
94
56
115
107
88
136
114
119
75
135
112
93
95
115
139
139
106
129
110
89
141
109
64
78
96
85
122
138
129
148
49
97
75
65
94
118
111
96
101
101
98
161
126
122
137
78
134
133
115
156
130
148
117
151
137
115
175
190
194
188
204
168
115
129
171
184
225
158
172
204
183
172
189
200
169
166
195
171
191
183
216
157
280
226
245
367
275
259
279
211
173
204
292
265
283
272
306
186
208
166
245
341
231
217
283
190
282
242
249
315
216
324
279
239
197
233
292
245
322
285
190
194
231
304
209
263
242
184
217
232
188
209
255
184
248
228
239
256
260
289
251
285
261
236
335
387
355
343
287
336
264
292
252
218
270
284
319
248
267
287
183
306
285
350
254
251
256
263
240
231
334
262
174
199
203
207
224
292
212
227
227
266
313
249
212
218
243
277
212
259
188
248
281
222
314
267
298
204
257
267
327
325
335
298
199
343
281
235
228
346
293
252
321
291
369
370
378
380
417
361
319
363
315
293
252
317
269
288
214
195
235
249
278
287
324
263
291
195
217
188
244
276
157
213
227
194
233
195
228
225
170
154
146
255
197
159
230
254
138
132
131
218
165
171
209
176
127
142
160
135
188
119
176
227
216
175
186
194
166
126
130
137
154
113
101
96
74
132
161
131
130
129
132
127
100
187
136
160
141
178
183
150
138
136
170
90
146
140
182
96
109
144
201
198
210
246
224
226
200
255
239
250
280
287
203
232
328
308
255
162
328
327
333
351
256
325
403
325
408
327
279
304
416
443
462
484
396
513
408
347
364
296
455
486
425
401
329
349
286
416
371
443
406
395
411
531
335
426
416
380
340
324
370
419
396
359
389
470
491
513
475
440
404
434
670
596
412
566
370
486
480
478
566
531
518
477
574
503
526
468
531
536
580
375
352
379
320
420
473
553
545
455
340
405
478
334
432
519
501
681
391
508
435
446
468
477
546
455
474
445
456
278
389
540
478
471
428
395
392
388
402
275
253
343
362
296
344
189
212
275
300
327
316
299
262
276
357
300
265
260
253
224
352
314
238
289
397
427
363
293
316
318
325
274
340
321
312
283
260
328
402
282
345
298
304
295
313
402
295
298
337
297
334
320
245
271
266
216
301
280
278
301
223
351
208
259
255
254
293
305
308
369
396
299
414
314
259
238
247
214
280
265
215
330
281
288
261
287
232
268
289
242
185
281
241
218
226
193
234
186
240
247
289
242
289
269
228
222
160
151
143
168
164
211
228
184
199
144
136
138
166
161
178
132
146
137
171
162
93
203
121
120
157
172
137
127
141
168
129
119
114
112
191
134
129
159
148
154
131
169
138
163
183
106
115
201
154
108
108
153
156
152
96
164
170
204
216
155
236
164
161
215
196
203
236
239
250
310
271
262
231
214
199
250
274
316
240
223
166
256
279
352
244
259
280
273
257
213
346
313
284
175
238
293
314
327
315
309
352
393
300
322
246
289
345
251
314
314
304
287
242
329
294
256
317
295
235
208
285
299
248
241
371
348
355
335
246
313
309
242
271
291
291
320
278
269
233
270
179
297
258
270
259
250
223
393
327
338
294
301
378
349
298
329
363
357
338
432
341
430
408
285
270
291
298
383
352
288
176
228
282
245
430
380
320
336
300
255
372
265
203
251
302
291
220
257
324
248
255
274
162
204
273
215
245
217
247
211
187
180
291
264
243
286
263
325
231
218
83
237
255
331
173
158
203
230
247
277
245
279
175
230
200
195
215
207
256
331
197
217
188
249
290
245
238
200
195
202
286
271
262
257
237
314
230
230
212
268
352
357
331
297
246
317
378
255
215
222
220
159
240
236
243
174
171
182
243
196
181
189
130
113
131
163
165
185
206
216
167
162
178
161
146
172
170
183
210
141
187
182
76
181
165
135
160
232
178
159
193
182
139
134
142
135
201
137
116
115
84
107
128
135
89
93
144
96
100
106
136
141
131
182
116
183
162
118
131
178
130
106
147
116
168
172
208
154
143
128
169
193
199
199
244
174
169
206
237
257
359
326
347
313
222
231
279
352
284
257
348
412
414
341
333
329
240
377
280
340
384
403
379
439
459
339
425
474
441
374
349
430
394
317
446
480
502
261
467
481
449
385
522
554
610
513
426
544
458
613
585
563
512
453
426
473
550
624
665
555
505
371
499
480
622
539
325
317
273
364
444
311
266
592
600
614
512
621
624
681
714
718
742
740
685
697
677
610
487
698
595
649
703
611
508
561
436
347
508
589
652
509
696
749
516
678
494
526
566
659
624
520
470
404
350
471
499
247
357
432
458
405
360
408
347
313
349
335
392
317
354
424
307
318
374
401
397
473
388
279
285
324
341
315
246
339
262
177
284
238
235
282
288
314
294
269
209
276
280
237
213
245
307
272
403
342
257
218
73
285
285
288
229
309
241
235
302
239
310
244
340
287
182
263
244
252
315
238
239
199
244
293
264
228
253
244
193
222
163
189
238
247
274
227
212
226
223
150
156
115
195
145
148
189
152
181
199
156
162
153
113
144
183
144
230
135
123
137
177
104
162
113
133
116
130
127
169
124
146
85
135
90
171
137
165
128
101
128
125
130
73
108
125
102
129
165
126
116
199
181
149
148
144
114
84
107
115
87
180
90
138
189
160
166
189
163
140
153
191
168
123
218
210
204
321
241
243
246
263
274
254
370
376
400
308
285
309
323
363
376
440
329
354
379
453
369
552
473
409
424
439
481
346
334
369
376
435
494
438
483
481
494
537
525
437
561
553
509
496
519
513
553
626
532
587
602
463
529
542
414
508
474
617
518
487
468
636
582
652
465
578
585
521
630
586
513
565
630
500
580
643
500
651
618
606
553
571
658
609
579
565
424
582
606
573
615
660
525
436
598
593
537
547
687
542
690
635
663
551
575
593
423
492
580
525
573
558
535
549
534
343
391
452
476
410
534
455
344
542
526
503
456
360
395
440
355
357
366
352
344
473
450
396
355
406
307
306
357
379
280
364
377
359
414
343
339
411
396
357
347
253
415
359
394
342
168
251
326
385
296
313
171
104
214
241
329
332
467
393
317
360
320
374
314
370
238
284
346
316
344
358
316
291
223
278
361
354
459
426
350
289
288
242
306
224
192
230
265
263
189
233
210
229
171
157
164
150
217
187
208
302
283
288
254
195
209
168
171
156
195
166
217
154
203
215
157
188
190
160
140
171
137
162
106
118
115
177
173
102
92
79
116
139
124
144
104
149
86
179
101
59
72
86
63
82
92
72
114
122
105
78
71
73
21
70
80
125
100
98
114
102
97
97
109
94
93
74
81
107
97
142
141
155
241
184
241
281
363
372
355
356
319
420
359
287
435
531
489
465
473
406
420
466
522
523
420
391
451
467
455
463
416
438
527
597
442
564
557
555
652
327
394
528
412
413
588
527
462
599
510
502
562
586
577
660
472
621
436
488
563
584
568
622
550
571
591
642
574
465
403
614
561
556
501
513
427
504
443
443
519
558
425
182
412
601
382
435
242
474
465
345
358
493
429
448
499
472
480
516
476
450
493
509
461
514
560
548
494
401
472
394
370
439
442
400
403
449
474
406
427
280
406
482
457
448
441
447
365
227
305
373
342
329
376
284
266
196
203
252
177
203
227
198
240
260
161
188
138
177
218
234
260
324
197
206
217
159
235
241
254
208
214
258
203
134
157
236
198
165
180
232
282
171
242
218
248
180
257
186
210
219
240
236
220
147
183
226
175
133
139
178
141
204
266
180
186
312
209
264
220
209
169
163
159
230
199
172
173
242
201
261
213
229
233
198
97
122
71
99
103
140
141
157
153
155
143
174
100
94
99
127
84
69
112
56
66
75
62
55
70
79
75
86
99
68
65
35
108
82
69
73
64
60
44
72
43
39
21
41
40
80
120
67
44
55
67
69
93
79
79
55
77
72
49
49
67
78
81
92
75
66
48
63
53
51
68
96
56
122
102
56
90
52
63
62
80
49
68
46
55
54
61
90
119
82
129
141
110
112
60
122
116
111
74
112
117
170
90
107
92
139
160
167
190
145
222
168
134
158
134
134
125
149
97
149
111
170
130
80
131
110
148
127
166
192
184
106
151
233
128
110
112
134
118
100
130
125
154
169
178
200
178
175
85
125
177
162
207
158
167
151
174
202
273
187
224
215
237
185
229
175
162
133
168
177
139
179
180
104
235
109
209
167
169
218
178
157
246
275
203
232
169
169
150
211
173
134
168
178
245
219
207
192
203
243
152
159
100
130
149
183
200
128
111
153
143
187
144
162
181
170
167
118
132
121
118
148
137
176
147
197
100
119
85
154
162
170
127
104
183
168
106
142
160
147
135
162
179
154
137
174
166
179
142
164
111
131
161
149
208
166
128
170
178
151
210
137
213
224
171
171
151
188
132
137
169
145
141
132
146
167
120
150
128
156
150
104
119
102
128
106
60
68
78
134
171
133
228
164
156
141
59
88
118
94
73
140
103
108
92
109
122
78
117
119
79
95
76
61
83
85
89
61
99
86
79
95
79
52
74
100
57
74
49
68
37
40
32
21
54
35
57
38
23
23
17
30
53
32
50
40
45
40
54
13
26
27
43
35
51
44
36
55
24
57
65
48
36
28
27
49
26
29
54
27
44
84
76
53
65
45
97
66
59
76
77
92
75
77
77
93
133
141
100
59
47
100
144
108
124
80
134
65
88
116
115
69
111
141
126
244
141
192
184
96
151
150
137
183
189
130
115
158
140
104
128
148
208
184
118
143
243
178
144
113
107
232
142
98
107
145
171
130
127
88
171
164
142
144
185
202
241
200
128
179
179
106
144
125
178
103
127
147
122
119
157
186
199
199
164
159
196
167
169
221
212
176
208
158
183
204
180
200
148
139
151
140
148
135
203
124
111
135
166
147
154
93
169
151
122
173
150
127
152
112
163
220
136
119
123
115
127
131
138
138
171
166
149
138
273
223
155
195
232
167
222
155
206
167
184
201
179
152
172
194
129
187
214
175
177
215
212
203
183
185
160
120
126
91
163
122
123
180
157
165
92
154
102
149
134
136
200
115
169
167
173
172
153
157
133
153
138
173
144
110
158
138
102
137
98
207
130
155
86
80
163
119
133
140
111
142
100
107
152
86
107
114
75
53
102
90
82
96
80
71
88
55
60
62
70
81
83
60
29
86
95
52
29
32
66
73
102
105
45
95
131
90
59
47
44
61
59
60
51
42
55
67
73
77
166
137
119
68
115
116
93
94
77
121
82
110
193
144
80
144
131
131
130
142
113
128
249
170
213
216
232
314
236
270
241
307
278
298
298
219
225
257
309
248
477
384
350
376
368
299
301
366
295
288
279
320
422
302
407
413
449
462
451
354
466
373
374
430
412
441
368
416
407
419
461
432
283
467
406
437
457
393
374
432
474
396
289
289
442
368
322
368
380
346
405
405
431
390
307
443
470
521
534
395
454
417
363
451
372
390
386
483
366
473
534
459
546
396
478
431
377
390
342
611
541
354
468
377
438
333
446
389
456
464
537
423
415
434
388
327
239
263
314
413
321
397
314
254
214
315
294
306
349
257
235
281
265
288
235
169
310
236
267
241
246
262
362
296
313
257
179
256
247
211
266
252
269
240
241
257
206
175
192
145
150
288
181
327
205
275
197
236
335
198
290
308
210
332
242
199
202
197
218
197
235
199
218
261
285
196
230
234
167
179
171
192
190
102
119
134
170
172
160
179
152
130
239
175
246
62
86
126
162
95
169
140
155
166
158
139
114
65
88
157
100
76
108
99
85
167
136
75
79
95
148
94
103
114
127
108
88
126
87
81
115
89
82
93
115
72
112
113
82
69
106
96
78
62
121
111
128
80
85
80
118
106
90
81
64
50
83
136
110
77
87
124
102
154
134
125
131
109
193
149
117
123
229
280
261
276
284
285
274
241
315
240
334
311
318
307
321
343
378
241
278
298
372
309
277
303
214
324
379
302
250
313
252
403
281
382
333
411
364
422
400
369
351
423
327
386
383
432
383
441
398
332
414
305
349
429
493
428
310
437
487
507
476
439
436
450
544
499
502
535
419
434
481
485
392
433
324
485
426
502
412
523
536
531
364
429
547
570
570
549
534
385
558
504
493
437
442
446
420
466
452
416
397
498
662
498
512
530
509
347
439
414
484
437
403
425
499
397
452
436
437
418
438
377
357
307
352
208
293
257
350
361
453
383
250
298
289
272
293
268
405
409
376
284
285
227
310
327
341
259
248
283
295
321
197
219
242
285
324
369
303
253
258
254
215
190
179
153
221
212
233
275
247
228
247
306
313
302
295
332
268
193
239
227
261
217
144
187
212
266
222
226
201
282
279
272
230
211
216
212
267
190
221
241
225
135
219
239
173
150
147
175
220
206
148
238
222
180
140
161
131
116
103
126
182
160
214
204
202
157
133
171
161
145
219
145
133
138
116
132
130
130
138
83
123
117
125
112
90
99
138
115
151
146
125
133
93
143
103
133
105
112
147
146
118
150
97
120
180
73
92
104
117
134
117
176
109
181
131
87
170
163
226
197
143
103
177
141
205
208
158
227
152
251
278
248
295
265
251
269
223
357
311
331
344
358
464
402
331
297
360
372
429
300
314
471
402
439
461
473
492
431
463
422
434
452
533
372
317
362
561
455
441
573
537
455
457
472
492
480
455
479
483
569
568
465
441
600
612
713
564
428
371
467
423
447
451
497
523
565
488
610
628
686
602
435
502
393
539
289
458
547
624
574
629
438
522
502
536
672
452
501
475
397
547
496
572
566
612
578
420
97
345
499
501
443
344
422
451
445
412
459
305
312
385
362
392
338
353
402
453
444
382
365
416
371
396
305
310
366
396
295
321
383
502
351
432
391
307
402
288
312
320
265
256
370
323
312
200
249
297
376
346
294
344
419
330
304
415
387
234
371
355
387
438
297
285
232
263
291
360
227
324
381
240
328
304
342
326
336
345
375
394
418
293
274
332
295
350
311
296
302
297
222
370
341
367
322
230
239
294
302
284
302
295
288
244
338
284
225
298
352
283
215
211
243
311
306
287
299
287
261
261
266
315
262
272
302
277
220
222
169
217
227
147
166
193
199
165
198
178
217
302
252
211
214
225
252
202
231
118
110
143
196
250
178
180
134
187
237
236
245
214
186
222
244
236
191
191
233
264
213
191
195
273
272
303
330
404
361
423
369
367
343
456
441
537
528
626
526
658
661
670
406
191
623
711
724
969
1065
1047
1161
1178
1201
1030
735
1403
1401
1445
1295
1058
874
1029
1212
1451
848
1393
1485
1326
1039
1103
1093
1044
699
438
566
913
907
773
761
851
897
826
852
865
793
755
791
867
808
770
785
678
714
942
760
743
919
749
603
502
719
714
566
526
535
487
427
694
627
627
613
541
742
632
635
871
651
702
579
211
917
727
617
598
582
647
572
595
455
621
567
684
601
572
558
614
680
700
673
586
607
725
720
551
659
558
586
607
625
548
505
480
464
12
398
396
354
429
426
367
328
485
409
395
332
326
479
371
461
366
314
320
358
372
244
293
416
284
241
311
292
152
300
249
249
151
202
167
277
285
212
299
293
344
331
326
323
272
248
254
230
353
346
394
306
316
282
292
202
280
265
296
264
308
199
302
215
248
276
406
368
296
307
288
203
309
277
244
306
250
350
284
290
211
235
274
243
245
273
215
173
261
194
173
99
179
210
146
174
220
157
129
177
162
182
190
143
204
182
176
171
114
119
187
144
155
178
234
169
156
127
123
194
136
181
157
192
109
101
100
114
136
158
143
86
85
71
127
208
143
95
118
200
195
122
155
131
208
191
111
120
117
217
125
102
147
109
104
130
154
179
204
168
150
177
225
253
281
351
326
283
219
322
231
241
208
274
302
298
298
352
279
411
524
469
416
375
552
420
399
425
289
354
311
441
481
431
391
392
400
463
532
512
438
451
502
350
384
454
394
430
366
340
278
429
535
428
438
355
302
433
397
397
302
391
452
331
361
516
427
405
404
441
430
499
452
519
438
526
443
498
570
397
480
410
411
481
526
425
453
372
399
400
272
387
506
456
435
390
379
402
424
371
383
481
491
452
529
539
492
458
490
483
467
532
524
592
436
323
362
242
357
297
267
322
440
392
378
363
362
304
356
327
316
277
233
175
333
306
223
221
260
179
301
359
243
295
245
290
297
208
242
311
304
331
297
278
229
226
355
250
186
210
193
241
243
166
231
301
227
231
184
200
184
175
271
271
264
179
226
290
264
240
260
219
204
227
284
335
249
249
220
252
249
227
186
217
193
240
224
228
210
199
207
221
167
138
175
174
209
173
208
159
126
185
75
123
148
114
165
206
133
161
156
155
162
155
192
220
144
174
182
127
104
99
189
124
89
131
143
63
81
94
118
206
157
111
97
135
36
75
107
70
77
149
77
54
87
84
70
65
71
106
78
132
130
86
129
73
63
54
52
66
67
101
117
82
71
91
63
30
68
49
22
52
100
65
58
92
65
139
75
102
125
59
43
78
48
58
104
143
123
81
93
69
133
117
103
80
65
143
99
124
112
70
100
105
77
183
149
156
134
131
102
215
133
198
182
146
216
233
168
135
118
198
147
141
138
178
215
232
164
131
120
199
139
230
151
191
156
190
196
210
242
160
181
185
197
191
195
179
208
195
222
308
207
181
183
174
169
137
161
151
126
150
177
167
298
315
311
267
173
244
166
204
169
203
222
218
190
179
222
225
257
289
236
181
152
121
243
224
220
223
257
239
237
291
268
208
183
133
175
190
228
203
278
297
204
232
232
136
89
122
185
147
131
142
182
190
252
223
219
215
256
251
220
251
260
150
175
152
126
108
166
205
166
232
193
158
149
146
136
181
187
163
219
163
229
269
142
179
152
142
82
174
147
155
213
153
156
135
191
214
312
208
178
178
184
182
174
169
189
196
213
241
197
188
169
185
218
150
190
205
140
162
153
172
187
180
149
195
170
153
212
204
118
148
156
129
206
228
278
123
137
186
178
194
138
104
68
93
120
83
129
137
128
98
111
94
46
84
89
95
94
39
52
73
37
59
82
100
63
33
76
65
33
48
81
78
46
114
71
59
56
64
76
46
31
11
41
38
53
66
40
39
65
84
70
79
63
79
63
33
80
64
107
89
39
27
36
43
74
70
52
87
63
85
84
82
84
63
109
84
68
110
125
83
74
61
55
94
87
92
96
101
114
162
161
162
95
116
80
130
139
166
128
106
117
177
106
157
100
177
144
129
191
89
127
156
171
198
187
154
116
168
230
177
110
194
225
284
171
195
160
193
217
140
200
194
223
194
211
299
214
196
171
195
213
189
244
289
297
258
219
311
223
294
245
225
204
226
257
247
209
213
285
172
143
248
197
212
199
262
264
240
196
264
186
207
217
137
189
189
319
215
207
155
180
230
270
331
305
268
170
252
198
244
217
221
225
192
199
191
168
184
264
262
225
254
245
235
176
228
232
295
293
345
326
266
247
235
140
231
271
191
207
159
311
197
274
258
221
226
216
202
213
194
218
242
207
227
256
227
305
282
205
230
266
262
241
301
252
241
244
220
244
222
261
246
190
192
273
195
216
212
223
189
210
170
199
216
187
172
166
159
185
181
181
149
174
186
148
166
174
174
161
195
76
119
91
178
109
140
143
117
106
111
92
126
61
50
59
91
107
109
72
82
113
87
65
111
97
79
55
83
57
110
127
127
117
86
71
105
170
151
169
62
79
90
92
54
51
98
59
63
87
72
99
137
57
92
84
71
67
52
57
91
66
89
95
69
98
86
108
80
89
111
58
121
88
207
180
160
147
248
214
228
180
185
290
216
196
198
214
174
183
271
305
268
245
268
290
348
388
424
346
324
309
315
346
360
301
384
344
414
353
344
408
395
345
464
336
423
391
447
345
418
349
497
447
338
420
394
387
344
325
438
453
453
452
467
429
357
433
210
374
434
436
399
333
381
418
451
463
424
410
431
363
489
467
467
492
529
599
579
479
616
562
579
601
454
335
529
470
452
416
495
426
400
459
397
419
503
489
391
517
446
458
573
485
432
505
354
385
394
374
332
404
345
310
404
305
299
257
342
332
278
321
330
295
242
325
296
244
297
297
260
321
157
242
217
287
224
267
238
297
214
191
181
152
233
136
183
180
215
246
210
131
233
274
224
293
228
183
277
258
238
220
234
346
303
355
274
232
250
206
193
244
247
281
264
223
234
211
290
298
205
237
218
165
177
222
190
151
216
220
202
215
198
194
256
215
216
214
214
243
172
116
162
137
152
136
178
185
144
167
178
142
157
107
95
187
114
168
149
129
171
105
161
126
181
171
101
78
130
116
117
131
102
77
59
13
11
49
40
72
34
17
7
26
21
33
22
60
57
29
17
17
38
38
23
41
32
10
8
82
62
80
28
29
8
36
51
46
25
48
42
72
88
101
61
28
52
64
63
93
99
110
91
108
93
92
130
127
157
160
192
264
319
240
291
296
362
299
95
318
261
338
283
332
302
319
211
328
163
258
287
275
283
219
214
240
310
371
304
218
274
119
404
341
299
362
264
303
303
384
353
334
438
322
329
501
397
519
352
321
367
363
413
454
440
372
379
406
384
469
482
485
402
391
437
328
317
476
423
399
371
355
412
446
422
390
319
483
565
374
324
453
413
399
569
492
502
475
388
450
531
524
487
433
433
530
360
382
496
392
436
398
305
192
178
157
150
294
387
238
270
147
251
145
94
179
128
168
259
214
216
193
295
225
344
254
263
257
206
307
303
303
344
288
269
274
208
169
215
236
206
162
189
188
264
192
126
203
226
145
133
188
207
202
220
237
261
183
220
190
204
238
163
130
118
157
165
181
130
162
184
118
192
278
218
183
229
233
292
232
192
168
178
175
129
143
154
141
191
162
167
129
158
132
141
122
158
152
115
98
171
134
122
168
118
187
107
135
143
79
118
179
174
150
200
84
127
59
97
81
106
127
82
141
120
99
148
103
105
114
93
105
132
142
172
102
96
120
134
174
86
75
141
147
85
117
79
65
86
69
103
94
89
114
111
97
99
88
106
78
124
122
99
127
117
123
179
160
100
129
141
132
134
128
146
142
173
230
234
324
245
328
318
279
245
221
241
263
315
239
260
214
221
164
310
350
290
294
297
328
392
390
307
347
233
220
437
396
326
349
404
413
377
388
425
388
278
340
335
450
372
296
389
489
560
408
387
448
391
449
458
493
434
470
379
430
453
362
378
473
406
403
360
396
422
435
496
409
354
346
289
332
353
469
404
412
461
475
397
362
463
399
346
428
359
469
466
368
466
366
457
317
422
455
469
563
440
553
384
496
446
506
500
479
391
228
153
250
227
286
275
323
292
457
401
343
363
349
392
367
344
297
275
386
246
283
200
176
242
276
301
227
212
185
262
201
178
177
329
239
246
275
234
216
229
324
324
262
277
160
197
197
273
222
248
234
202
234
136
176
116
208
188
178
248
240
232
275
248
223
175
211
213
261
188
164
147
71
92
152
139
143
172
231
148
171
174
127
232
169
201
214
254
201
203
125
117
142
149
137
165
150
153
181
141
154
119
163
138
126
120
104
160
167
132
135
175
160
198
169
153
104
164
105
103
134
140
117
79
55
63
82
86
127
119
61
98
96
79
106
168
77
71
122
51
78
44
49
82
55
74
99
78
88
74
115
53
70
108
98
58
92
108
69
56
75
32
66
56
49
76
96
93
80
92
162
127
110
167
157
215
136
100
185
175
218
201
264
287
321
245
247
239
161
200
261
262
296
186
378
318
249
341
271
242
302
233
251
255
309
285
442
422
436
366
279
374
242
344
364
306
291
403
389
337
293
279
303
373
382
324
328
359
553
464
501
329
347
423
390
471
405
258
449
518
495
454
477
526
405
346
288
327
423
423
346
320
345
365
279
382
332
346
409
395
362
380
451
322
417
277
417
480
401
407
452
406
332
468
437
343
405
365
446
393
349
483
427
487
308
356
361
406
393
314
316
430
405
414
342
326
233
344
296
264
313
284
344
223
181
191
212
223
227
174
115
136
112
115
214
196
203
120
105
125
159
177
192
144
236
132
100
91
174
184
183
139
211
229
208
157
103
160
178
160
183
208
169
77
139
205
241
236
140
201
157
204
169
163
273
217
176
114
157
170
221
207
222
187
149
111
188
228
184
162
171
146
120
184
298
197
181
119
150
151
62
133
160
142
103
147
113
117
102
82
124
96
114
124
69
135
102
109
60
118
75
129
147
187
120
102
130
92
69
125
127
111
119
110
76
62
49
73
98
78
66
116
83
36
66
68
39
76
77
79
86
91
85
94
72
189
147
131
108
87
84
55
45
64
102
88
68
101
38
59
60
97
104
87
47
125
111
105
228
94
115
189
118
126
211
226
197
298
235
282
337
289
299
296
388
350
259
185
299
213
361
332
386
306
317
388
227
306
350
346
436
474
354
323
302
333
388
410
352
412
413
342
312
232
297
276
267
354
437
291
383
304
286
308
309
310
378
512
385
373
300
416
372
404
344
327
326
262
366
358
385
420
541
427
529
488
531
544
499
570
398
412
404
467
406
333
333
414
376
349
437
468
470
324
327
294
250
362
435
251
317
368
362
381
327
323
420
389
228
318
336
341
249
378
407
390
367
393
381
386
320
315
123
219
268
247
340
295
311
280
312
180
172
222
204
268
163
157
130
92
56
98
80
111
182
150
191
158
236
244
184
165
51
56
54
107
88
89
191
212
253
235
213
227
198
260
202
202
187
179
160
264
210
210
128
146
199
137
188
170
112
163
131
172
139
186
120
110
249
234
204
201
244
97
145
135
145
90
99
