3279
2794
2265
1671
1451
1208
1343
1305
1593
1743
2041
2857
3148
2836
2768
2830
2939
2855
3476
3193
2701
2584
2895
3179
2954
2673
2563
2340
2234
1340
1306
1197
1257
1161
1055
1390
1787
1902
2154
2853
2645
2868
2669
2516
3365
2884
3032
2544
2609
3091
3329
3664
2819
2372
2060
1822
1852
1353
1636
1686
2642
3376
4357
4146
4530
4546
5336
5810
4617
5193
5009
3878
3113
3382
3370
3571
3109
3221
3075
2855
2633
2058
1671
1568
1560
1585
1933
2611
2859
2986
3449
3187
3249
2953
3210
4023
3098
3414
2723
2634
2444
2526
2552
2919
2997
2185
1847
1813
1789
1349
1471
1653
2175
3318
3853
4503
4864
5703
5883
4618
7509
6103
6634
4832
4004
3887
2980
3005
2762
2978
2617
2305
1795
1652
1368
1391
1573
1505
2132
3328
4411
4545
5595
5869
6062
6319
6371
6313
6300
5237
4644
4125
3987
3502
3248
3551
3576
2363
2457
1990
1649
1314
968
932
1132
3287
4853
5148
5432
6078
6189
5430
4695
4966
5216
4608
4110
2506
2320
2299
2373
2175
2299
2178
1646
1355
835
740
617
767
749
790
1013
1250
1737
1402
1634
1619
2082
1999
1972
2062
1999
1762
1561
1520
1735
1717
1903
1539
1327
1244
1031
899
524
391
408
446
742
994
1154
1745
1622
1652
1765
1616
1837
2029
1614
1632
1513
2133
1964
1780
1592
1703
1465
1333
958
733
827
636
1188
1446
2726
3441
3647
4625
4553
4147
4632
4550
5105
4685
3825
3058
2937
2675
2341
2749
2440
1768
1642
1358
1189
1110
1026
993
1263
2306
3382
3297
3811
4225
4635
5224
4928
5576
5209
4884
4075
3474
3471
3091
2437
2950
2497
2420
2137
1717
1720
1279
1385
1339
1611
1962
3172
4098
5002
5002
5644
5449
5630
5997
5105
4593
4292
3996
3666
3471
3664
3459
3683
3286
3193
2947
2630
2295
2085
2332
2869
4977
7725
12781
13023
8483
8768
7336
6896
6803
6647
6897
4379
4266
3283
2684
3421
3010
3218
2964
2168
1920
1803
1534
1370
1767
1572
2909
3831
4478
4815
4447
4309
5055
4924
4422
5265
4254
3748
2895
3032
2602
2412
2821
2446
2030
1592
1714
1395
988
1038
837
664
974
1106
1341
1846
1863
2046
2268
1893
2492
2295
2483
2264
2008
2115
1916
1898
2093
2102
1942
1840
1727
1119
727
727
505
787
665
966
1185
1360
1639
2016
2226
2485
2654
2418
2285
2665
2385
2888
2474
2422
2812
2503
2103
1879
1385
962
998
1192
869
839
1288
2316
3164
3796
4316
4392
4444
4630
5957
4798
5153
3809
3302
2807
2141
2559
2884
2626
2241
1977
1654
1540
845
378
368
465
850
1882
3177
2797
3266
4183
4251
4609
4461
5196
4652
2409
2315
3068
2155
2205
1896
2321
1800
1510
1530
1254
1333
1277
1006
1323
1689
3018
3120
3822
4038
4987
4462
4299
4625
4876
4060
3848
3026
2531
2693
2142
2514
1630
2017
1654
1615
1323
1085
802
942
748
1626
2644
3078
3661
3682
4400
4804
3830
4256
4462
4277
3683
2310
1718
1823
1742
2206
1902
1990
1380
1133
1303
958
786
1076
851
1648
3230
3320
4068
3633
3848
3980
5343
4377
3674
3779
3359
2564
1484
1441
2316
1927
1990
