3565
3004
2268
1734
1482
1343
1528
1557
1927
2096
3046
3428
3111
3045
3149
3220
3294
3731
3056
2773
3148
3449
3169
2884
2832
2608
1920
1472
1277
1328
1268
1221
1491
1902
2156
2672
2938
2977
3031
2735
3382
3380
3240
2806
2923
3401
3880
3421
2969
2437
2110
2084
1485
1761
1822
2970
3781
4743
4663
4743
5653
6075
5532
5479
5452
4349
3378
3726
3790
3738
3209
3696
3210
2782
2475
1892
1730
1698
1695
2320
3056
3148
3613
3537
3458
3398
3358
4324
3528
3495
2921
2782
2810
2775
2937
3458
2467
2005
1974
1990
1344
1714
1903
3053
3820
4740
4950
6285
6223
5157
7996
6857
7007
4738
4281
3713
3135
3204
3196
2962
2527
1908
1785
1595
1440
1624
1870
3220
4319
5007
6008
6388
6583
7022
6995
7004
6280
5449
4689
4236
3993
3537
3871
3800
2453
2638
2156
1516
1249
1023
1166
2928
5070
5670
5959
6475
6747
5632
5084
5978
5144
4658
3053
2603
2516
2559
2306
2523
2510
1555
999
909
691
788
838
846
1135
1455
1805
1655
1664
1963
2396
2054
2297
2196
1911
1680
1708
1834
2095
1850
1391
1564
1235
945
641
448
465
517
858
1206
1542
1737
1946
1629
1970
1942
2198
1707
1794
1892
2215
2246
1653
1827
1691
1466
1108
821
874
892
1332
1847
3175
4061
4698
4910
4757
4788
5084
5459
5180
3759
3225
3137
2681
3094
2649
2060
1812
1527
1303
1183
1158
1080
1548
3330
3745
3844
4681
4889
5700
5357
6035
5707
5241
4136
3656
3327
2931
3239
2684
2699
2317
1896
1753
1437
1508
1500
1951
2974
4299
5254
5535
6357
5834
6277
6167
5399
4616
4499
4274
3786
4035
3722
3985
3570
3276
3429
2400
2512
2386
2725
4862
7830
13828
13722
9442
9532
7149
7721
7266
7645
5533
4808
3811
2836
3727
3221
3528
3043
2119
1974
2002
1438
1789
1756
3059
4206
4886
5310
4698
4959
5625
5021
5401
5105
4104
3128
3258
2834
2748
2975
2430
1869
2023
1426
1338
1040
966
803
1039
1208
1683
2000
2118
2339
2169
2694
2492
2726
2386
2393
2211
2193
1830
2375
2258
2041
2057
1191
816
791
590
793
823
1042
1522
1621
1988
2396
2776
2873
2682
2431
2893
2631
3072
2678
2927
2854
2462
2043
1546
1049
1114
1192
940
1039
2016
2828
4135
4664
4702
4897
5097
6354
5317
5255
3927
3193
2603
2694
3109
2952
2406
2155
1793
1586
612
381
467
690
1452
3366
3191
3506
4535
4850
4796
5157
5605
3767
2309
3294
2668
2340
2079
2513
1895
1631
1683
1268
1470
1150
1282
1687
3243
3359
4199
4710
5200
4894
4763
4863
5682
3598
3557
2833
2968
2390
2577
1852
2077
1709
1765
1161
1023
970
868
1706
2906
3322
4169
4061
5108
4830
4368
4837
4786
4077
2623
1862
2044
2059
2141
2176
1897
1326
1371
1097
883
1161
976
2018
3432
4229
4173
3822
4399
5658
4797
4141
4106
3654
2491
1855
1776
2346
1827
