1755
1810
1429
1575
1235
1033
921
813
726
756
615
728
769
759
626
931
1030
897
910
1186
1378
1668
1921
1507
1767
1344
1500
1545
1391
1758
1510
1710
1423
1871
1965
1766
1655
1401
1530
1243
1510
1638
1753
1696
1654
1515
1625
1259
1406
1426
1238
1370
1148
772
691
781
618
659
639
689
714
554
636
585
745
746
843
1059
1039
1117
1122
1550
1418
1520
1483
1494
1564
1467
1419
1316
1523
1859
1774
1606
1665
1575
1269
1537
1411
1512
1620
1781
1675
2205
1903
1518
1692
1277
1290
1147
1044
1066
920
1164
761
724
811
950
864
958
1390
1580
1713
2068
2231
2512
2392
2271
2514
2229
2697
2956
2946
3129
2842
2690
2444
3035
2866
2586
2476
1873
1619
1759
1641
2085
1890
1900
1907
1831
1612
1597
1925
1771
1585
1625
1393
1389
1410
1065
967
925
856
874
799
899
922
773
1145
1175
1563
1493
1520
1628
1617
1996
1767
1770
1596
1862
1716
1682
1533
1825
2018
2306
1879
1649
1963
1532
1520
1401
1376
1406
1357
1453
1303
1472
1366
1571
1750
1708
1320
1147
891
1114
1042
932
1057
933
687
657
812
902
917
986
1229
1824
1751
2069
2163
2577
2310
2640
3010
3275
3191
3032
2262
2895
4100
3896
3764
3093
3642
3365
2328
2410
2060
2221
2090
1623
1651
1484
1826
1378
1636
1560
1487
1475
1333
1194
944
964
959
826
812
783
685
755
937
687
932
938
1437
1783
1988
2331
2666
2341
2927
3081
3330
3058
3200
3383
3424
3598
3535
3460
3236
3768
3188
3092
2718
2731
2265
2424
1993
2243
2127
1866
1339
2198
1900
1971
2101
1699
1372
1081
1485
1153
1150
1006
815
701
786
463
583
440
608
558
960
1968
2351
2719
2774
2896
3097
2862
3221
3254
3458
3289
3062
2570
2546
2538
2893
3085
2570
2574
2500
2158
1793
1260
1164
1439
1314
1202
1228
1331
1272
1034
1289
1234
1175
1335
632
923
573
426
477
432
322
369
407
381
459
379
478
368
461
674
700
755
1017
788
732
923
868
796
941
1022
1275
1121
947
1107
1291
1006
1209
987
924
987
804
876
802
906
941
893
982
1113
950
900
808
583
908
656
625
610
455
490
422
219
188
260
198
267
253
264
402
456
603
603
587
955
901
836
929
1017
793
836
1135
835
858
1084
1144
1054
901
806
892
902
772
1120
1126
1089
1071
1175
782
871
836
991
851
840
733
733
587
521
416
405
407
467
317
575
605
727
758
1089
1600
1575
2144
1917
2143
2555
2441
2469
2499
2258
2226
2562
2614
2470
2844
2615
2451
2729
1944
1815
1722
1503
1674
1463
1525
1156
1421
1673
1255
1394
1173
887
1035
777
927
600
670
633
617
566
578
580
560
520
726
822
1615
1715
1908
1837
1782
2062
2329
2352
2227
2662
2844
2856
2562
2795
3155
2880
2649
3058
2602
2639
2039
2097
1670
1986
1768
1559
1761
1170
1536
1703
1275
1409
1420
1279
1103
1214
777
1119
974
779
698
739
730
778
666
834
974
977
1314
1660
2210
2089
2560
2694
2600
2935
2958
3399
2700
3134
3246
3031
3299
2868
2845
2554
2384
2232
2431
2068
2380
1894
1710
2076
2041
1994
1846
1876
2099
1886
1919
1651
1674
1602
1751
1678
1332
1068
1374
1138
1081
1305
1317
1408
2190
2672
3547
4283
6352
7476
7418
6304
4358
5084
4776
4756
3853
3296
3790
3931
3743
3523
3797
3848
3429
2104
2444
2364
1974
1837
1303
1533
1844
1883
1637
1584
1901
1627
1620
1423
1116
1003
1063
911
1019
983
718
720
873
916
817
939
1437
1622
1732
2474
2439
2447
2796
2514
2376
2322
2353
2606
2876
2749
2575
2446
2440
2961
3088
2017
2162
1942
1491
1637
1593
1665
1435
1399
1285
1463
1529
1446
1288
1142
1098
771
976
1047
825
601
824
514
437
603
437
529
284
519
482
557
595
613
770
913
1080
920
1061
1057
1174
1165
1275
894
1535
1159
1256
1236
1406
1320
1371
1015
977
1416
1208
1003
963
1230
871
959
1281
1094
1193
1065
1036
1005
1120
937
630
561
442
374
381
410
243
347
387
406
362
461
579
463
796
726
791
830
993
995
1228
1168
1286
1490
1517
1356
1257
1425
1125
1306
1596
1297
1268
1363
1757
1315
1406
1272
1377
1550
1499
1355
1308
1154
1021
1022
820
726
479
570
490
624
728
464
517
423
467
572
814
1202
1288
1540
2120
2015
2258
2406
2394
2308
2611
2286
2470
2627
3294
3060
2659
2658
2911
2344
2067
1860
1699
1494
1527
1076
1215
1479
1599
1510
1493
1459
1121
1285
1274
881
973
820
873
713
393
219
219
162
235
232
321
369
594
858
1772
1594
1655
1536
1717
1789
2115
2420
2358
2492
2360
2436
2625
2532
2838
2767
2409
1358
1145
1164
1574
1720
1423
1245
1025
1315
1198
881
1152
1361
947
948
820
811
769
914
552
716
758
712
644
506
615
667
832
855
1679
1564
1408
1951
1934
2265
2154
2556
2541
2659
2382
2512
2193
2570
2467
2396
2864
2818
1419
2179
2024
1533
1463
1370
1602
1366
1276
1114
1393
1184
769
1083
1242
835
898
811
967
798
588
573
597
426
468
502
432
436
738
968
1536
1370
1768
1554
2260
1909
1992
2069
2617
2491
2703
2127
2049
2319
2399
2438
2441
2345
2272
1805
1536
1087
960
902
917
1127
992
1067
1034
1107
1097
1079
1099
798
664
662
593
778
661
436
435
448
718
443
456
520
842
1176
1738
1694
2090
2139
2110
2063
1922
1900
2364
2035
2497
3161
2420
2377
2027
2114
2005
2101
2162
1492
1477
1014
677
1178
445
1331
1228
1118
969
858
1229
