proactive_5_GRU, GRU, 300, 7, 598,00, 336740, 12282, 3,52
proactive_5_arima, ARIMA, 300, 7, 594,83, 338313, 10709, 3,07
proactive_5_mlp, MLP, 300, 7, 601,25, 336738, 12284, 3,52
reactive_5, None, 300, 7, 613,00, 332624, 16398, 4,70
proactive_10_arima, ARIMA, 600, 7, 605,50, 339589, 9433, 2,70
proactive_10_gru, GRU, 600, 7, 613,04, 338971, 10051, 2,88
proactive_10_mlp, MLP, 600, 7, 605,00, 339599, 9423, 2,70
reactive_10, None, 600, 7, 617,03, 332713, 16309, 4,67
proactive_15_arima, ARIMA, 900, 7, 613,28, 340357, 8665, 2,48
proactive_15_gru, GRU, 900, 7, 612,52, 339223, 9799, 2,81
proactive_15_mlp, MLP, 900, 7, 612,53, 340285, 8737, 2,50
reactive_15, None, 900, 7, 634,22, 334194, 14828, 4,25
proactive_20_arima, ARIMA, 1200, 7, 629,00, 340952, 8070, 2,31
proactive_20_gru, GRU, 1200, 7, 633,07, 341134, 7888, 2,26
proactive_20_mlp, MLP, 1200, 7, 626,55, 340053, 8969, 2,57
reactive_20, None, 1200, 7, 635,30, 334258, 14764, 4,23
proactive_25_arima, ARIMA, 1500, 7, 642,89, 341661, 7361, 2,11
proactive_25_gru, GRU, 1500, 7, 633,55, 340743, 8279, 2,37
proactive_25_mlp, MLP, 1500, 7, 634,04, 340730, 8292, 2,38
reactive_25, None, 1500, 7, 647,08, 335929, 13093, 3,75
proactive_30_arima, ARIMA, 1800, 7, 653,39, 342712, 6310, 1,81
proactive_30_gru, GRU, 1800, 7, 655,45, 342811, 6211, 1,78
proactive_30_mlp, MLP, 1800, 7, 644,95, 341916, 7106, 2,04
reactive_30, None, 1800, 7, 646,22, 336044, 12978, 3,72
proactive_35_arima, ARIMA, 2100, 7, 655,15, 342933, 6089, 1,74
proactive_35_gru, GRU, 2100, 7, 655,55, 342540, 6482, 1,86
proactive_35_mlp, MLP, 2100, 7, 646,99, 341824, 7198, 2,06
reactive_35, None, 2100, 7, 670,48, 337856, 11166, 3,20
proactive_40_arima, ARIMA, 2400, 7, 656,10, 343112, 5910, 1,69
proactive_40_gru, GRU, 2400, 7, 662,00, 342573, 6449, 1,85
proactive_40_mlp, MLP, 2400, 7, 656,19, 342800, 6222, 1,78
reactive_40, None, 2400, 7, 665,87, 337994, 11028, 3,16
proactive_45_arima, ARIMA, 2700, 7, 667,75, 342871, 6151, 1,76
proactive_45_gru, GRU, 2700, 7, 662,15, 342168, 6854, 1,96
proactive_45_mlp, MLP, 2700, 7, 662,37, 342522, 6500, 1,86
reactive_45, None, 2700, 7, 683,98, 338425, 10597, 3,04
proactive_50_arima, ARIMA, 3000, 7, 673,97, 343111, 5911, 1,69
proactive_50_gru, GRU, 3000, 7, 662,52, 342133, 6889, 1,97
proactive_50_mlp, MLP, 3000, 7, 668,84, 342696, 6326, 1,81
reactive_50, None, 3000, 7, 688,57, 338141, 10881, 3,12
proactive_55_arima, ARIMA, 3300, 7, 682,59, 343563, 5459, 1,56
proactive_55_gru, GRU, 3300, 7, 668,71, 340542, 8480, 2,43
proactive_55_mlp, MLP, 3300, 7, 676,06, 342828, 6194, 1,77
reactive_55, None, 3300, 7, 700,38, 338444, 10578, 3,03
proactive_60_arima, ARIMA, 3600, 7, 673,49, 343313, 5709, 1,64
proactive_60_gru, GRU, 3600, 7, 670,85, 341930, 7092, 2,03
proactive_60_mlp, MLP, 3600, 7, 676,36, 343158, 5864, 1,68
reactive_60, None, 3600, 7, 701,98, 338863, 10159, 2,91

